uid,domainID,siteID,namedLocation,collectDate,identifiedDate,sampleID,sampleCode,slideID,acceptedTaxonID,targetTaxaPresent,scientificName,morphospeciesID,taxonRank,phylum,subphylum,class,subclass,infraclass,superorder,order,suborder,infraorder,superfamily,family,subfamily,tribe,subtribe,genus,specificEpithet,infraspecificEpithet,invertebrateLifeStage,sizeClass,sizeCategory,individualCount,subsamplePercent,estimatedTotalCount,immatureSpecimen,indeterminateSpecies,sampleCondition,distinctTaxon,identificationQualifier,identificationReferences,qcChecked,laboratoryName,identifiedBy,identificationRemarks,dataQF
"9cf5e5f1-6974-441b-b469-97273298014d","D18","OKSR","OKSR.AOS.reach","2019-08-12T23:02Z","2020-02-25","OKSR.20190812.KICKNET.2","A00000027876",,"CLISP1","Y","Clinocerinae sp.",,"subfamily","Arthropoda","Hexapoda","Insecta","Pterygota","Neoptera","Holometabola","Diptera","Brachycera","Muscomorpha",,"Empididae","Clinocerinae",,,,"sp.",,"larva",1,,1,100,1,"Y","N","condition OK","Y",,"Merritt et al. 2019","N","Rhithron Associates, Inc.","B. Moore",,
"2b2daa04-d912-4ef1-8918-69de71918ecc","D18","OKSR","OKSR.AOS.reach","2019-08-12T23:02Z","2020-02-25","OKSR.20190812.KICKNET.4","A00000028774",,"THIGRO","Y","Thienemannimyia gr.",,"speciesGroup","Arthropoda","Hexapoda","Insecta","Pterygota","Neoptera","Holometabola","Diptera","Nematocera","Culicomorpha",,"Chironomidae","Tanypodinae","Pentaneurini",,"Thienemannimyia","gr.",,"larva",2,,2,33,6,"Y","N","condition OK","Y",,"Weiderholm, 1983; Weiderholm, 1986; Epler 2001; Ferrington et al. 2008; Andersen, Cranston and Epler 2017","N","Rhithron Associates, Inc.","A. Fasbender",,
"b1a20ecd-4c8d-480f-98eb-20e778e63074","D18","OKSR","OKSR.AOS.reach","2019-08-12T23:02Z","2020-02-26","OKSR.20190812.KICKNET.5","A00000027887",,"OSTSP","Y","Ostracoda sp.",,"class","Arthropoda","Crustacea","Ostracoda",,,,,,,,,,,,,"sp.",,"none",1,,5,33,15,"N","N","condition OK","Y",,"Thorp and Rogers 2016","N","Rhithron Associates, Inc.","S. Sullivan",,
"c4dba4bb-6545-4467-823e-20cae89a6b6e","D18","OKSR","OKSR.AOS.reach","2019-08-12T23:02Z","2020-02-25","OKSR.20190812.SURBER.2","A00000028786",,"LEBSP1","Y","Lebertia sp.",,"genus","Arthropoda","Chelicerata","Arachnida","Acari",,"Acariformes","Trombidiformes","Prostigmata",,"Lebertioidea","Lebertiidae",,,,"Lebertia","sp.",,"adult",1,,1,100,1,"N","N","condition OK","Y",,"Thorp and Rogers 2016","N","Rhithron Associates, Inc.","B. Moore",,
"96393e69-9c7f-411c-807e-2fed1f947b26","D18","OKSR","OKSR.AOS.reach","2019-08-12T23:02Z","2020-02-25","OKSR.20190812.SURBER.3","A00000028792",,"CLISP1","Y","Clinocerinae sp.",,"subfamily","Arthropoda","Hexapoda","Insecta","Pterygota","Neoptera","Holometabola","Diptera","Brachycera","Muscomorpha",,"Empididae","Clinocerinae",,,,"sp.",,"larva",1,,1,100,1,"Y","N","condition OK","Y",,"Merritt et al. 2019","N","Rhithron Associates, Inc.","B. Moore",,
"cbb6bb02-5210-4a9a-a77b-6db0baf6fa3a","D18","OKSR","OKSR.AOS.reach","2019-08-12T23:02Z","2020-02-25","OKSR.20190812.KICKNET.3","A00000027889",,"CRISP6","Y","Cricotopus/Orthocladius sp.",,"speciesGroup","Arthropoda","Hexapoda","Insecta","Pterygota","Neoptera","Holometabola","Diptera","Nematocera","Culicomorpha",,"Chironomidae","Orthocladiinae",,,"Cricotopus/Orthocladius","sp.",,"larva",4,,5,70,7,"Y","N","condition OK","N",,"Weiderholm, 1983; Weiderholm, 1986; Epler 2001; Ferrington et al. 2008; Andersen, Cranston and Epler 2013","Y","Rhithron Associates, Inc.","A. Fasbender",,
"8af27cb5-5cff-4b97-9e0f-2fa6d032ae27","D18","OKSR","OKSR.AOS.reach","2019-08-12T23:02Z","2020-02-26","OKSR.20190812.KICKNET.3","A00000027889",,"CAPSP2","Y","Capniidae sp.",,"family","Arthropoda","Hexapoda","Insecta","Pterygota","Neoptera","Polyneoptera","Plecoptera","Euholognatha",,,"Capniidae",,,,,"sp.",,"larva",2,,1,70,1,"Y","N","condition OK","Y",,"Stewart and Stark 2002; Merritt et al. 2019","Y","Rhithron Associates, Inc.","B. Moore",,
"1583ad06-86d1-43ab-9af6-1e3811f2d0e5","D18","OKSR","OKSR.AOS.reach","2019-08-12T23:02Z","2020-02-25","OKSR.20190812.KICKNET.1","A00000028770",,"THIGRO","Y","Thienemannimyia gr.",,"speciesGroup","Arthropoda","Hexapoda","Insecta","Pterygota","Neoptera","Holometabola","Diptera","Nematocera","Culicomorpha",,"Chironomidae","Tanypodinae","Pentaneurini",,"Thienemannimyia","gr.",,"larva",4,,6,67,9,"Y","N","condition OK","Y",,"Weiderholm, 1983; Weiderholm, 1986; Epler 2001; Ferrington et al. 2008; Andersen, Cranston and Epler 2017","Y","Rhithron Associates, Inc.","R. Spring",,
"dd74a96f-d44d-4d74-9b29-ab607c7ac3d3","D18","OKSR","OKSR.AOS.reach","2019-08-12T23:02Z","2020-02-25","OKSR.20190812.SURBER.3","A00000028792",,"ACELAP","Y","Acentrella lapponica",,"species","Arthropoda","Hexapoda","Insecta","Pterygota","Palaeoptera",,"Ephemeroptera","Pisciforma",,,"Baetidae",,,,"Acentrella","lapponica",,"larva",4,,2,100,2,"N","N","condition OK","Y",,"Jacobus and McCafferty 2006; McCafferty et al. 2009; Burian and Meyers 2011; Webb 2017; Alba-Tercedor and McCafferty 2000; Muller-Liebenau 1969","N","Rhithron Associates, Inc.","B. Moore","Reference Collection(1)",
"98a0fd26-68b9-416c-90a1-ef92171eea73","D18","OKSR","OKSR.AOS.reach","2019-08-12T23:02Z","2020-02-25","OKSR.20190812.KICKNET.4","A00000028774",,"CRISP2","Y","Cricotopus sp.",,"genus","Arthropoda","Hexapoda","Insecta","Pterygota","Neoptera","Holometabola","Diptera","Nematocera","Culicomorpha",,"Chironomidae","Orthocladiinae",,,"Cricotopus","sp.",,"larva",1,,3,33,9,"N","N","condition OK","Y",,"Weiderholm, 1983; Weiderholm, 1986; Epler 2001; Ferrington et al. 2019; Andersen, Cranston and Epler 2013","N","Rhithron Associates, Inc.","A. Fasbender",,
"a7a4778b-a36f-4ce7-b135-384b71b822eb","D18","OKSR","OKSR.AOS.reach","2019-08-12T23:02Z","2020-02-25","OKSR.20190812.SURBER.3","A00000028792",,"THISP2","Y","Thienemanniella sp.",,"genus","Arthropoda","Hexapoda","Insecta","Pterygota","Neoptera","Holometabola","Diptera","Nematocera","Culicomorpha",,"Chironomidae","Orthocladiinae",,,"Thienemanniella","sp.",,"larva",1,,1,100,1,"N","N","condition OK","Y",,"Weiderholm, 1983; Weiderholm, 1986; Epler 2001; Ferrington et al. 2019; Andersen, Cranston and Epler 2013","N","Rhithron Associates, Inc.","A. Fasbender",,
"4379f906-91cf-4d83-bbbb-1e5245f5e561","D18","OKSR","OKSR.AOS.reach","2019-08-12T23:02Z","2020-02-25","OKSR.20190812.SURBER.3","A00000028792",,"OSTSP","Y","Ostracoda sp.",,"class","Arthropoda","Crustacea","Ostracoda",,,,,,,,,,,,,"sp.",,"none",1,,2,100,2,"N","N","condition OK","Y",,"Thorp and Rogers 2016","N","Rhithron Associates, Inc.","B. Moore",,
"572b8364-c6f2-47aa-9f17-a4b12a83045a","D18","OKSR","OKSR.AOS.reach","2019-08-12T23:02Z","2020-02-25","OKSR.20190812.KICKNET.2","A00000027876",,"ORTSP3","Y","Orthocladius sp.",,"genus","Arthropoda","Hexapoda","Insecta","Pterygota","Neoptera","Holometabola","Diptera","Nematocera","Culicomorpha",,"Chironomidae","Orthocladiinae",,,"Orthocladius","sp.",,"larva",4,,2,100,2,"N","N","condition OK","Y",,"Weiderholm, 1983; Weiderholm, 1986; Epler 2001; Ferrington et al. 2019; Andersen, Cranston and Epler 2013","N","Rhithron Associates, Inc.","R. Spring",,
"6fcdbf01-e5b2-406e-9afd-badcde5b73b8","D18","OKSR","OKSR.AOS.reach","2019-08-12T23:02Z","2020-02-25","OKSR.20190812.KICKNET.1","A00000028770",,"ORTSP3","Y","Orthocladius sp.",,"genus","Arthropoda","Hexapoda","Insecta","Pterygota","Neoptera","Holometabola","Diptera","Nematocera","Culicomorpha",,"Chironomidae","Orthocladiinae",,,"Orthocladius","sp.",,"larva",5,,5,67,7,"N","N","condition OK","Y",,"Weiderholm, 1983; Weiderholm, 1986; Epler 2001; Ferrington et al. 2019; Andersen, Cranston and Epler 2013","Y","Rhithron Associates, Inc.","R. Spring",,
"6f88f44c-776c-4768-8b43-e780621f3742","D18","OKSR","OKSR.AOS.reach","2019-08-12T23:02Z","2020-02-25","OKSR.20190812.KICKNET.5","A00000027887",,"LUMSP2","Y","Lumbriculidae sp.",,"family","Annelida","Clitellata","Oligochaeta","Oligochaeta",,,"Lumbriculida",,,,"Lumbriculidae",,,,,"sp.",,"none",4,,1,33,3,"Y","N","condition OK","Y",,"Kathman and Brinkhurst, 1999","N","Rhithron Associates, Inc.","J. Webb","w/proboscis",
"fc5dc6c9-d3e6-4b1b-bf02-ce51923d716d","D18","OKSR","OKSR.AOS.reach","2019-08-12T23:02Z","2020-02-25","OKSR.20190812.KICKNET.1","A00000028770",,"NAISP","Y","Naididae sp.",,"family","Annelida","Clitellata","Oligochaeta","Oligochaeta",,,"Tubificida",,,,"Naididae",,,,,"sp.",,"none",6,,1,67,1,"Y","N","condition OK","Y",,"Kathman and Brinkhurst, 1999","Y","Rhithron Associates, Inc.","J. Webb","Rhyacodrilinae/Tubificinae",
"3d203293-c7c8-4ffc-acf1-9b268727ad0e","D18","OKSR","OKSR.AOS.reach","2019-08-12T23:02Z","2020-02-26","OKSR.20190812.KICKNET.5","A00000027887",,"VALMER","Y","Valvata mergella",,"species","Mollusca",,"Gastropoda",,,,"Heterostropha",,,,"Valvatidae",,,,"Valvata","mergella",,"none",2,,32,33,97,"N","N","condition OK","Y",,"Burch 1989; Thorp and Rogers 2016","N","Rhithron Associates, Inc.","S. Sullivan",,
"7394e0ca-3d27-4415-b7ab-c0c02b2b3de6","D18","OKSR","OKSR.AOS.reach","2019-08-12T23:02Z","2020-02-25","OKSR.20190812.KICKNET.2","A00000027876",,"LUMSP2","Y","Lumbriculidae sp.",,"family","Annelida","Clitellata","Oligochaeta","Oligochaeta",,,"Lumbriculida",,,,"Lumbriculidae",,,,,"sp.",,"none",20,,4,100,4,"Y","N","condition OK","Y",,"Kathman and Brinkhurst, 1999","N","Rhithron Associates, Inc.","J. Webb","w/proboscis",
"45b577ed-91db-466f-a5aa-e8daf28020a1","D18","OKSR","OKSR.AOS.reach","2019-08-12T23:02Z","2020-02-25","OKSR.20190812.KICKNET.1","A00000028770",,"CINSP1","Y","Cinygmula sp.",,"genus","Arthropoda","Hexapoda","Insecta","Pterygota","Palaeoptera",,"Ephemeroptera","Pisciforma",,"Heptagenioidea","Heptageniidae",,,,"Cinygmula","sp.",,"larva",1,,1,67,1,"N","N","condition OK","Y",,"Merritt et al. 2019","Y","Rhithron Associates, Inc.","S. Sullivan",,
"08185c44-337a-4705-906b-5e527690aeb7","D18","OKSR","OKSR.AOS.reach","2019-08-12T23:02Z","2020-02-25","OKSR.20190812.SURBER.2","A00000028786",,"NEMSP7","Y","Nemoura sp.",,"genus","Arthropoda","Hexapoda","Insecta","Pterygota","Neoptera","Polyneoptera","Plecoptera","Euholognatha",,,"Nemouridae","Nemourinae",,,"Nemoura","sp.",,"larva",2,,62,100,62,"N","N","condition OK","Y",,"Stewart and Stark 2002; Merritt et al. 2019","N","Rhithron Associates, Inc.","B. Moore",,
"6351b378-f7a7-4ff9-9fdc-2c4463e6e741","D18","OKSR","OKSR.AOS.reach","2019-08-12T23:02Z","2020-02-25","OKSR.20190812.SURBER.3","A00000028792",,"HYDSP52","Y","Hydrosmittia sp.",,"genus","Arthropoda",,"Insecta","Pterygota","Neoptera",,"Diptera","Nematocera","Culicomorpha","Chironomoidea","Chironomidae","Orthocladiinae",,,"Hydrosmittia","sp.",,"larva",2,,20,100,20,"N","N","condition OK","Y",,"Weiderholm, 1983; Weiderholm, 1986; Epler 2001; Ferrington et al. 2019; Andersen, Cranston and Epler 2013","N","Rhithron Associates, Inc.","A. Fasbender",,
"ab17aad5-0846-4cb6-9988-c2fc92293459","D18","OKSR","OKSR.AOS.reach","2019-08-12T23:02Z","2020-02-25","OKSR.20190812.KICKNET.4","A00000028774",,"ORTSP3","Y","Orthocladius sp.",,"genus","Arthropoda","Hexapoda","Insecta","Pterygota","Neoptera","Holometabola","Diptera","Nematocera","Culicomorpha",,"Chironomidae","Orthocladiinae",,,"Orthocladius","sp.",,"pupa",4,,1,33,3,"N","N","condition OK","N",,"Weiderholm, 1983; Weiderholm, 1986; Epler 2001; Ferrington et al. 2019; Andersen, Cranston and Epler 2013","N","Rhithron Associates, Inc.","A. Fasbender",,
"915870d5-3731-41b2-857a-40fdfd80974e","D18","OKSR","OKSR.AOS.reach","2019-08-12T23:02Z","2020-02-25","OKSR.20190812.KICKNET.2","A00000027876",,"STESP9","Y","Stempellina sp.",,"genus","Arthropoda","Hexapoda","Insecta","Pterygota","Neoptera","Holometabola","Diptera","Nematocera","Culicomorpha",,"Chironomidae","Chironominae","Tanytarsini",,"Stempellina","sp.",,"larva",1,,11,100,11,"N","N","condition OK","Y",,"Weiderholm, 1983; Weiderholm, 1986; Epler 2001; Ferrington et al. 2019; Andersen, Cranston and Epler 2013","N","Rhithron Associates, Inc.","R. Spring",,
"46553f73-70af-40ac-b3ed-82874decc9c5","D18","OKSR","OKSR.AOS.reach","2019-08-12T23:02Z","2020-02-25","OKSR.20190812.KICKNET.4","A00000028774",,"CLASP6","Y","Cladotanytarsus sp.",,"genus","Arthropoda","Hexapoda","Insecta","Pterygota","Neoptera","Holometabola","Diptera","Nematocera","Culicomorpha",,"Chironomidae","Chironominae","Tanytarsini",,"Cladotanytarsus","sp.",,"larva",3,,2,33,6,"N","N","condition OK","Y",,"Weiderholm, 1983; Weiderholm, 1986; Epler 2001; Ferrington et al. 2019; Andersen, Cranston and Epler 2013","N","Rhithron Associates, Inc.","A. Fasbender",,
"53c5e79e-0212-4aee-aefc-349c1d9ad144","D18","OKSR","OKSR.AOS.reach","2019-08-12T23:02Z","2020-02-25","OKSR.20190812.KICKNET.4","A00000028774",,"NEOSP32","Y","Neozavrelia sp.",,"genus","Arthropoda","Hexapoda","Insecta","Pterygota","Neoptera","Holometabola","Diptera","Nematocera","Culicomorpha",,"Chironomidae","Orthocladiinae","Tanytarsini",,"Neozavrelia","sp.",,"larva",2,,58,33,176,"N","N","condition OK","Y",,"Weiderholm, 1983; Weiderholm, 1986; Epler 2001; Ferrington et al. 2019; Andersen, Cranston and Epler 2013","N","Rhithron Associates, Inc.","A. Fasbender",,
"9b31d4b1-0594-40f1-b651-05b44ca9c443","D18","OKSR","OKSR.AOS.reach","2019-08-12T23:02Z","2020-02-25","OKSR.20190812.KICKNET.4","A00000028774",,"ALAOVI","Y","Alaskaperla ovibovis",,"species","Arthropoda","Hexapoda","Insecta","Pterygota","Neoptera","Polyneoptera","Plecoptera","Systellognatha",,,"Chloroperlidae","Chloroperlinae",,,"Alaskaperla","ovibovis",,"larva",4,,5,33,15,"N","N","condition OK","Y",,"Stewart and Stark 2002; Merritt et al. 2019; Morse et al. 2017","N","Rhithron Associates, Inc.","B. Moore","Reference Collection(2)",
"ced48912-8fe1-47cf-80cb-411e75da88f3","D18","OKSR","OKSR.AOS.reach","2019-08-12T23:02Z","2020-02-25","OKSR.20190812.SURBER.1","A00000028809",,"NEMSP7","Y","Nemoura sp.",,"genus","Arthropoda","Hexapoda","Insecta","Pterygota","Neoptera","Polyneoptera","Plecoptera","Euholognatha",,,"Nemouridae","Nemourinae",,,"Nemoura","sp.",,"larva",2,,54,100,54,"N","N","condition OK","Y",,"Stewart and Stark 2002; Merritt et al. 2019","N","Rhithron Associates, Inc.","B. Moore",,
"12da95d5-6fc1-47d1-9a19-34868264b606","D18","OKSR","OKSR.AOS.reach","2019-08-12T23:02Z","2020-02-25","OKSR.20190812.SURBER.1","A00000028809",,"TRISP26","Y","Trichotanypus sp.",,"genus","Arthropoda","Hexapoda","Insecta","Pterygota","Neoptera","Holometabola","Diptera","Nematocera","Culicomorpha",,"Chironomidae","Podonominae","Boreochlini",,"Trichotanypus","sp.",,"larva",3,,1,100,1,"N","N","condition OK","Y",,"Weiderholm, 1983; Weiderholm, 1986; Epler 2001; Ferrington et al. 2019; Andersen, Cranston and Epler 2013","N","Rhithron Associates, Inc.","A. Fasbender",,
"55f9b2ec-0009-4d3e-8390-a76c9e6461d8","D18","OKSR","OKSR.AOS.reach","2019-08-12T23:02Z","2020-02-25","OKSR.20190812.KICKNET.1","A00000028770",,"VALMER","Y","Valvata mergella",,"species","Mollusca",,"Gastropoda",,,,"Heterostropha",,,,"Valvatidae",,,,"Valvata","mergella",,"none",1,,5,67,7,"N","N","condition OK","Y",,"Burch 1989; Thorp and Rogers 2016","Y","Rhithron Associates, Inc.","S. Sullivan",,
"190fa416-6398-40b0-9495-0086d271a3ac","D18","OKSR","OKSR.AOS.reach","2019-08-12T23:02Z","2020-02-25","OKSR.20190812.KICKNET.3","A00000027889",,"HYDSP52","Y","Hydrosmittia sp.",,"genus","Arthropoda",,"Insecta","Pterygota","Neoptera",,"Diptera","Nematocera","Culicomorpha","Chironomoidea","Chironomidae","Orthocladiinae",,,"Hydrosmittia","sp.",,"larva",2,,11,70,16,"N","N","condition OK","Y",,"Weiderholm, 1983; Weiderholm, 1986; Epler 2001; Ferrington et al. 2019; Andersen, Cranston and Epler 2013","Y","Rhithron Associates, Inc.","A. Fasbender",,
"c2352946-87b4-4158-8f8f-a20be6275123","D18","OKSR","OKSR.AOS.reach","2019-08-12T23:02Z","2020-02-25","OKSR.20190812.SURBER.3","A00000028792",,"NEOSP32","Y","Neozavrelia sp.",,"genus","Arthropoda","Hexapoda","Insecta","Pterygota","Neoptera","Holometabola","Diptera","Nematocera","Culicomorpha",,"Chironomidae","Orthocladiinae","Tanytarsini",,"Neozavrelia","sp.",,"larva",1,,22,100,22,"N","N","condition OK","Y",,"Weiderholm, 1983; Weiderholm, 1986; Epler 2001; Ferrington et al. 2019; Andersen, Cranston and Epler 2013","N","Rhithron Associates, Inc.","A. Fasbender",,
"20b55ad1-d53a-4b70-b46b-f97d51c54cd5","D18","OKSR","OKSR.AOS.reach","2019-08-12T23:02Z","2020-02-25","OKSR.20190812.KICKNET.5","A00000027887",,"HYDSP52","Y","Hydrosmittia sp.",,"genus","Arthropoda",,"Insecta","Pterygota","Neoptera",,"Diptera","Nematocera","Culicomorpha","Chironomoidea","Chironomidae","Orthocladiinae",,,"Hydrosmittia","sp.",,"larva",3,,37,33,112,"N","N","condition OK","Y",,"Weiderholm, 1983; Weiderholm, 1986; Epler 2001; Ferrington et al. 2019; Andersen, Cranston and Epler 2013","N","Rhithron Associates, Inc.","A. Fasbender",,
"c1d5c6c9-6409-4dd0-99f4-9a99223b30f9","D18","OKSR","OKSR.AOS.reach","2019-08-12T23:02Z","2020-02-25","OKSR.20190812.SURBER.2","A00000028786",,"TANSP11","Y","Tanytarsus sp.",,"genus","Arthropoda","Hexapoda","Insecta","Pterygota","Neoptera","Holometabola","Diptera","Nematocera","Culicomorpha",,"Chironomidae","Chironominae","Tanytarsini",,"Tanytarsus","sp.",,"larva",3,,1,100,1,"N","N","condition OK","Y",,"Weiderholm, 1983; Weiderholm, 1986; Epler 2001; Ferrington et al. 2019; Andersen, Cranston and Epler 2013","N","Rhithron Associates, Inc.","A. Fasbender",,
"4e86a952-d2f7-410c-916a-62aed83455a5","D18","OKSR","OKSR.AOS.reach","2019-08-12T23:02Z","2020-02-26","OKSR.20190812.KICKNET.5","A00000027887",,"ORISP1","Y","Oribatida sp.",,"suborder","Arthropoda","Chelicerata","Arachnida","Acari",,"Acariformes","Sarcoptiformes","Oribatida",,,,,,,,"sp.",,"adult",1,,5,33,15,"N","N","condition OK","Y",,"Thorp and Rogers 2016","N","Rhithron Associates, Inc.","S. Sullivan",,
"15683952-fcca-4ab6-b6f7-abd91c80202f","D18","OKSR","OKSR.AOS.reach","2019-08-12T23:02Z","2020-02-25","OKSR.20190812.SURBER.2","A00000028786",,"LUMSP2","Y","Lumbriculidae sp.",,"family","Annelida","Clitellata","Oligochaeta","Oligochaeta",,,"Lumbriculida",,,,"Lumbriculidae",,,,,"sp.",,"none",4,,3,100,3,"Y","N","condition OK","Y",,"Kathman and Brinkhurst, 1999","N","Rhithron Associates, Inc.","J. Webb","w/proboscis",
"7415b7a7-edc8-4101-b144-7df90267e6b4","D18","OKSR","OKSR.AOS.reach","2019-08-12T23:02Z","2020-02-26","OKSR.20190812.KICKNET.3","A00000027889",,"MUSSP1","Y","Muscidae sp.",,"family","Arthropoda","Hexapoda","Insecta","Pterygota","Neoptera","Holometabola","Diptera","Brachycera","Muscomorpha",,"Muscidae",,,,,"sp.",,"larva",7,,1,70,1,"N","N","condition OK","Y",,"Merritt et al. 2019","Y","Rhithron Associates, Inc.","B. Moore","Reference Collection(1)",
"e043f260-2c5e-4f6a-ac7f-28ddfbf6e588","D18","OKSR","OKSR.AOS.reach","2019-08-12T23:02Z","2020-02-25","OKSR.20190812.KICKNET.3","A00000027889",,"NAISP1","Y","Nais sp.",,"genus","Arthropoda","Crustacea","Malacostraca","Eumalacostraca",,"Peracarida","Tanaidacea","Tanaidomorpha",,"Paratanaoidea","Pseudotanaidae",,,,"Nais","sp.",,"none",2,,1,70,1,"N","N","damaged, affecting taxonomy and measurement","N",,"Kathman and Brinkhurst, 1999","Y","Rhithron Associates, Inc.","J. Webb",,
"d901242f-9d00-4b6b-b8e3-2dab7b4daa26","D18","OKSR","OKSR.AOS.reach","2019-08-12T23:02Z","2020-02-25","OKSR.20190812.KICKNET.2","A00000027876",,"TVESP","Y","Tvetenia sp.",,"genus","Arthropoda","Hexapoda","Insecta","Pterygota","Neoptera","Holometabola","Diptera","Nematocera","Culicomorpha",,"Chironomidae","Orthocladiinae",,,"Tvetenia","sp.",,"pupa",4,,1,100,1,"N","N","condition OK","N",,"Weiderholm, 1983; Weiderholm, 1986; Epler 2001; Ferrington et al. 2019; Andersen, Cranston and Epler 2013","N","Rhithron Associates, Inc.","R. Spring",,
"34eedc2f-0dc7-4631-b585-86bca807fea6","D18","OKSR","OKSR.AOS.reach","2019-08-12T23:02Z","2020-02-25","OKSR.20190812.KICKNET.5","A00000027887",,"CLASP6","Y","Cladotanytarsus sp.",,"genus","Arthropoda","Hexapoda","Insecta","Pterygota","Neoptera","Holometabola","Diptera","Nematocera","Culicomorpha",,"Chironomidae","Chironominae","Tanytarsini",,"Cladotanytarsus","sp.",,"larva",2,,2,33,6,"N","N","condition OK","Y",,"Weiderholm, 1983; Weiderholm, 1986; Epler 2001; Ferrington et al. 2019; Andersen, Cranston and Epler 2013","N","Rhithron Associates, Inc.","A. Fasbender",,
"99ab8c9a-c74a-474f-8bd5-0c903988f475","D18","OKSR","OKSR.AOS.reach","2019-08-12T23:02Z","2020-02-25","OKSR.20190812.KICKNET.2","A00000027876",,"ENCSP1","Y","Enchytraeidae sp.",,"family","Annelida","Clitellata","Oligochaeta","Oligochaeta",,,"Enchytraeida",,,,"Enchytraeidae",,,,,"sp.",,"none",4,,2,100,2,"N","N","condition OK","Y",,"Kathman and Brinkhurst, 1999","N","Rhithron Associates, Inc.","J. Webb",,
"b650864d-1d2c-4fd5-b585-e21bd2f4b831","D18","OKSR","OKSR.AOS.reach","2019-08-12T23:02Z","2020-02-25","OKSR.20190812.KICKNET.2","A00000027876",,"NEMSP","Y","Nematoda sp.",,"phylum","Nematoda",,,,,,,,,,,,,,,"sp.",,"none",2,,1,100,1,"N","N","condition OK","Y",,"Thorp and Rogers 2016","N","Rhithron Associates, Inc.","B. Moore",,
"991add8c-6964-49d6-a51c-fb86f6addb51","D18","OKSR","OKSR.AOS.reach","2019-08-12T23:02Z","2020-02-26","OKSR.20190812.KICKNET.3","A00000027889",,"TIPSP3","Y","Tipula sp.",,"genus","Arthropoda","Hexapoda","Insecta","Pterygota","Neoptera","Holometabola","Diptera","Nematocera","Tipulomorpha",,"Tipulidae","Tipulinae",,,"Tipula","sp.",,"larva",10,,3,70,4,"N","N","condition OK","Y",,"Gelhaus and Podeniene 2018; Merritt et al. 2019","Y","Rhithron Associates, Inc.","B. Moore",,
"a513cbc8-d0f6-49f1-a7a5-5d4d0e2f49db","D18","OKSR","OKSR.AOS.reach","2019-08-12T23:02Z","2020-02-25","OKSR.20190812.KICKNET.2","A00000027876",,"RHYSP3","Y","Rhyacophila sp.",,"genus","Arthropoda","Hexapoda","Insecta","Pterygota","Neoptera","Holometabola","Trichoptera",,,"Rhyacophiloidea","Rhyacophilidae",,,,"Rhyacophila","sp.",,"larva",2,,2,100,2,"Y","N","condition OK","Y",,"Prather and Morris 2001; Morse et al. 2017; Giersch et al. 2012","N","Rhithron Associates, Inc.","B. Moore",,
"173dba87-a22c-42cf-90df-302557bcfc19","D18","OKSR","OKSR.AOS.reach","2019-08-12T23:02Z","2020-02-25","OKSR.20190812.KICKNET.1","A00000028770",,"LUMSP2","Y","Lumbriculidae sp.",,"family","Annelida","Clitellata","Oligochaeta","Oligochaeta",,,"Lumbriculida",,,,"Lumbriculidae",,,,,"sp.",,"none",10,,3,67,4,"Y","N","condition OK","Y",,"Kathman and Brinkhurst, 1999","Y","Rhithron Associates, Inc.","J. Webb","11 w/proboscis, 4w/out",
"078b4c1a-e14e-4b0a-81ae-97786c2ada25","D18","OKSR","OKSR.AOS.reach","2019-08-12T23:02Z","2020-02-25","OKSR.20190812.KICKNET.4","A00000028774",,"NEMSP7","Y","Nemoura sp.",,"genus","Arthropoda","Hexapoda","Insecta","Pterygota","Neoptera","Polyneoptera","Plecoptera","Euholognatha",,,"Nemouridae","Nemourinae",,,"Nemoura","sp.",,"larva",2,,37,33,112,"N","N","condition OK","Y",,"Stewart and Stark 2002; Merritt et al. 2019","N","Rhithron Associates, Inc.","B. Moore",,
"af25e8c7-7dd7-424d-9b2d-396bac35ce4e","D18","OKSR","OKSR.AOS.reach","2019-08-12T23:02Z","2020-02-25","OKSR.20190812.KICKNET.3","A00000027889",,"TVESP","Y","Tvetenia sp.",,"genus","Arthropoda","Hexapoda","Insecta","Pterygota","Neoptera","Holometabola","Diptera","Nematocera","Culicomorpha",,"Chironomidae","Orthocladiinae",,,"Tvetenia","sp.",,"larva",6,,1,70,1,"N","N","condition OK","Y",,"Weiderholm, 1983; Weiderholm, 1986; Epler 2001; Ferrington et al. 2019; Andersen, Cranston and Epler 2013","Y","Rhithron Associates, Inc.","A. Fasbender","tshernovskii",
"1ab7803c-a289-43c7-b000-ffb68da65939","D18","OKSR","OKSR.AOS.reach","2019-08-12T23:02Z","2020-02-25","OKSR.20190812.KICKNET.5","A00000027887",,"LUMSP2","Y","Lumbriculidae sp.",,"family","Annelida","Clitellata","Oligochaeta","Oligochaeta",,,"Lumbriculida",,,,"Lumbriculidae",,,,,"sp.",,"none",10,,2,33,6,"Y","N","condition OK","Y",,"Kathman and Brinkhurst, 1999","N","Rhithron Associates, Inc.","J. Webb","w/proboscis",
"9dd85774-a077-4692-9d65-507d1b4eae4d","D18","OKSR","OKSR.AOS.reach","2019-08-12T23:02Z","2020-02-25","OKSR.20190812.KICKNET.1","A00000028770",,"TANSP11","Y","Tanytarsus sp.",,"genus","Arthropoda","Hexapoda","Insecta","Pterygota","Neoptera","Holometabola","Diptera","Nematocera","Culicomorpha",,"Chironomidae","Chironominae","Tanytarsini",,"Tanytarsus","sp.",,"larva",1,,1,67,1,"N","N","condition OK","Y",,"Weiderholm, 1983; Weiderholm, 1986; Epler 2001; Ferrington et al. 2019; Andersen, Cranston and Epler 2013","Y","Rhithron Associates, Inc.","R. Spring",,
"408de484-a14e-483c-8a4e-9f4a624c1c65","D18","OKSR","OKSR.AOS.reach","2019-08-12T23:02Z","2020-02-25","OKSR.20190812.KICKNET.1","A00000028770",,"STESP10","Y","Stempellinella sp.",,"genus","Arthropoda","Hexapoda","Insecta","Pterygota","Neoptera","Holometabola","Diptera","Nematocera","Culicomorpha",,"Chironomidae","Chironominae","Tanytarsini",,"Stempellinella","sp.",,"larva",2,,1,67,1,"N","N","condition OK","Y",,"Weiderholm, 1983; Weiderholm, 1986; Epler 2001; Ferrington et al. 2019; Andersen, Cranston and Epler 2013","Y","Rhithron Associates, Inc.","R. Spring",,
"69885875-6ce6-45d8-80cb-3b7f26c29090","D18","OKSR","OKSR.AOS.reach","2019-08-12T23:02Z","2020-02-26","OKSR.20190812.KICKNET.3","A00000027889",,"NEMSP7","Y","Nemoura sp.",,"genus","Arthropoda","Hexapoda","Insecta","Pterygota","Neoptera","Polyneoptera","Plecoptera","Euholognatha",,,"Nemouridae","Nemourinae",,,"Nemoura","sp.",,"larva",5,,4,70,6,"N","N","condition OK","Y",,"Stewart and Stark 2002; Merritt et al. 2019","Y","Rhithron Associates, Inc.","B. Moore",,
"5175c2dc-8932-4f47-b6ce-aa32110bddf7","D18","OKSR","OKSR.AOS.reach","2019-08-12T23:02Z","2020-02-25","OKSR.20190812.KICKNET.4","A00000028774",,"CRISP6","Y","Cricotopus/Orthocladius sp.",,"speciesGroup","Arthropoda","Hexapoda","Insecta","Pterygota","Neoptera","Holometabola","Diptera","Nematocera","Culicomorpha",,"Chironomidae","Orthocladiinae",,,"Cricotopus/Orthocladius","sp.",,"larva",5,,5,33,15,"Y","N","condition OK","N",,"Weiderholm, 1983; Weiderholm, 1986; Epler 2001; Ferrington et al. 2008; Andersen, Cranston and Epler 2013","N","Rhithron Associates, Inc.","A. Fasbender",,
"4369e573-e90b-469d-a4d3-096017723277","D18","OKSR","OKSR.AOS.reach","2019-08-12T23:02Z","2020-02-25","OKSR.20190812.SURBER.2","A00000028786",,"NAISP","Y","Naididae sp.",,"family","Annelida","Clitellata","Oligochaeta","Oligochaeta",,,"Tubificida",,,,"Naididae",,,,,"sp.",,"none",3,,1,100,1,"Y","N","condition OK","Y",,"Kathman and Brinkhurst, 1999","N","Rhithron Associates, Inc.","J. Webb","Rhyacodrilinae/Tubificinae w/hc",
"80daf0cd-aff1-4a9b-bf68-037782c0324d","D18","OKSR","OKSR.AOS.reach","2019-08-12T23:02Z","2020-02-25","OKSR.20190812.KICKNET.3","A00000027889",,"CRISP6","Y","Cricotopus/Orthocladius sp.",,"speciesGroup","Arthropoda","Hexapoda","Insecta","Pterygota","Neoptera","Holometabola","Diptera","Nematocera","Culicomorpha",,"Chironomidae","Orthocladiinae",,,"Cricotopus/Orthocladius","sp.",,"larva",5,,13,70,19,"Y","N","condition OK","N",,"Weiderholm, 1983; Weiderholm, 1986; Epler 2001; Ferrington et al. 2008; Andersen, Cranston and Epler 2013","Y","Rhithron Associates, Inc.","A. Fasbender",,
"d56e1560-c13f-4794-98f3-6859d4e876ac","D18","OKSR","OKSR.AOS.reach","2019-08-12T23:02Z","2020-02-25","OKSR.20190812.KICKNET.4","A00000028774",,"PHYSP7","Y","Physa sp.",,"genus","Mollusca",,"Gastropoda",,,,"Basommatophora",,,,"Physidae",,,,"Physa","sp.",,"none",2,,1,33,3,"N","N","condition OK","Y",,"Thorp and Rogers 2016","N","Rhithron Associates, Inc.","B. Moore",,
"56015625-6676-4590-88a4-6e94915f4839","D18","OKSR","OKSR.AOS.reach","2019-08-12T23:02Z","2020-02-25","OKSR.20190812.KICKNET.1","A00000028770",,"LUMSP2","Y","Lumbriculidae sp.",,"family","Annelida","Clitellata","Oligochaeta","Oligochaeta",,,"Lumbriculida",,,,"Lumbriculidae",,,,,"sp.",,"none",15,,3,67,4,"Y","N","condition OK","Y",,"Kathman and Brinkhurst, 1999","Y","Rhithron Associates, Inc.","J. Webb","11 w/proboscis, 4w/out",
"c11f10d4-93e4-451d-9c38-e4ee1d184d07","D18","OKSR","OKSR.AOS.reach","2019-08-12T23:02Z","2020-02-25","OKSR.20190812.KICKNET.2","A00000027876",,"HYDSP52","Y","Hydrosmittia sp.",,"genus","Arthropoda",,"Insecta","Pterygota","Neoptera",,"Diptera","Nematocera","Culicomorpha","Chironomoidea","Chironomidae","Orthocladiinae",,,"Hydrosmittia","sp.",,"larva",1,,1,100,1,"N","N","condition OK","Y",,"Weiderholm, 1983; Weiderholm, 1986; Epler 2001; Ferrington et al. 2019; Andersen, Cranston and Epler 2013","N","Rhithron Associates, Inc.","R. Spring",,
"59d837aa-e13a-4f8f-8b24-d2f69f75e82c","D18","OKSR","OKSR.AOS.reach","2019-08-12T23:02Z","2020-02-25","OKSR.20190812.SURBER.3","A00000028792",,"EUKSP","Y","Eukiefferiella sp.",,"genus","Arthropoda","Hexapoda","Insecta","Pterygota","Neoptera","Holometabola","Diptera","Nematocera","Culicomorpha",,"Chironomidae","Orthocladiinae",,,"Eukiefferiella","sp.",,"pupa",3,,1,100,1,"N","N","condition OK","N",,"Weiderholm, 1983; Bode, 1983; Weiderholm, 1986; Epler 2001; Ferrington et al. 2019; Andersen, Cranston and Epler 2013","N","Rhithron Associates, Inc.","A. Fasbender",,
"805fbe1e-51ff-4f8e-8102-97427b974186","D18","OKSR","OKSR.AOS.reach","2019-08-12T23:02Z","2020-02-25","OKSR.20190812.SURBER.3","A00000028792",,"CLASP6","Y","Cladotanytarsus sp.",,"genus","Arthropoda","Hexapoda","Insecta","Pterygota","Neoptera","Holometabola","Diptera","Nematocera","Culicomorpha",,"Chironomidae","Chironominae","Tanytarsini",,"Cladotanytarsus","sp.",,"larva",1,,1,100,1,"N","N","condition OK","Y",,"Weiderholm, 1983; Weiderholm, 1986; Epler 2001; Ferrington et al. 2019; Andersen, Cranston and Epler 2013","N","Rhithron Associates, Inc.","A. Fasbender",,
"b7589f0c-30f8-4d2b-b7d1-3b0e36db40a0","D18","OKSR","OKSR.AOS.reach","2019-08-12T23:02Z","2020-02-25","OKSR.20190812.KICKNET.1","A00000028770",,"ORTSP3","Y","Orthocladius sp.",,"genus","Arthropoda","Hexapoda","Insecta","Pterygota","Neoptera","Holometabola","Diptera","Nematocera","Culicomorpha",,"Chironomidae","Orthocladiinae",,,"Orthocladius","sp.",,"larva",4,,1,67,1,"N","N","condition OK","Y",,"Weiderholm, 1983; Weiderholm, 1986; Epler 2001; Ferrington et al. 2019; Andersen, Cranston and Epler 2013","Y","Rhithron Associates, Inc.","R. Spring",,
"8e4471e7-b835-4685-8f92-1bcc9442b56c","D18","OKSR","OKSR.AOS.reach","2019-08-12T23:02Z","2020-02-25","OKSR.20190812.KICKNET.1","A00000028770",,"ORTSP3","Y","Orthocladius sp.",,"genus","Arthropoda","Hexapoda","Insecta","Pterygota","Neoptera","Holometabola","Diptera","Nematocera","Culicomorpha",,"Chironomidae","Orthocladiinae",,,"Orthocladius","sp.",,"larva",6,,10,67,15,"N","N","condition OK","Y",,"Weiderholm, 1983; Weiderholm, 1986; Epler 2001; Ferrington et al. 2019; Andersen, Cranston and Epler 2013","Y","Rhithron Associates, Inc.","R. Spring",,
"ba382dba-4e47-47c2-9f6d-a3c01544dd34","D18","OKSR","OKSR.AOS.reach","2019-08-12T23:02Z","2020-02-25","OKSR.20190812.KICKNET.3","A00000027889",,"CRISP6","Y","Cricotopus/Orthocladius sp.",,"speciesGroup","Arthropoda","Hexapoda","Insecta","Pterygota","Neoptera","Holometabola","Diptera","Nematocera","Culicomorpha",,"Chironomidae","Orthocladiinae",,,"Cricotopus/Orthocladius","sp.",,"larva",1,,14,70,20,"Y","N","condition OK","N",,"Weiderholm, 1983; Weiderholm, 1986; Epler 2001; Ferrington et al. 2008; Andersen, Cranston and Epler 2013","Y","Rhithron Associates, Inc.","A. Fasbender",,
"a5877e64-02f9-4936-8dd7-a23891166dfc","D18","OKSR","OKSR.AOS.reach","2019-08-12T23:02Z","2020-02-25","OKSR.20190812.KICKNET.1","A00000028770",,"CINSP1","Y","Cinygmula sp.",,"genus","Arthropoda","Hexapoda","Insecta","Pterygota","Palaeoptera",,"Ephemeroptera","Pisciforma",,"Heptagenioidea","Heptageniidae",,,,"Cinygmula","sp.",,"larva",5,,1,67,1,"N","N","condition OK","Y",,"Merritt et al. 2019","Y","Rhithron Associates, Inc.","S. Sullivan",,
"fed91afa-4369-40b1-b5bb-94332e73f8b3","D18","OKSR","OKSR.AOS.reach","2019-08-12T23:02Z","2020-02-25","OKSR.20190812.KICKNET.1","A00000028770",,"CRISP2","Y","Cricotopus sp.",,"genus","Arthropoda","Hexapoda","Insecta","Pterygota","Neoptera","Holometabola","Diptera","Nematocera","Culicomorpha",,"Chironomidae","Orthocladiinae",,,"Cricotopus","sp.",,"larva",2,,1,67,1,"N","N","condition OK","Y",,"Weiderholm, 1983; Weiderholm, 1986; Epler 2001; Ferrington et al. 2019; Andersen, Cranston and Epler 2013","Y","Rhithron Associates, Inc.","R. Spring","iso",
"909f9484-7b74-4675-bc1b-012a777ad9c9","D18","OKSR","OKSR.AOS.reach","2019-08-12T23:02Z","2020-02-26","OKSR.20190812.KICKNET.3","A00000027889",,"NEMSP","Y","Nematoda sp.",,"phylum","Nematoda",,,,,,,,,,,,,,,"sp.",,"none",2,,1,70,1,"N","N","condition OK","Y",,"Thorp and Rogers 2016","Y","Rhithron Associates, Inc.","B. Moore",,
"8dc6db91-5763-4401-9e31-b11431721290","D18","OKSR","OKSR.AOS.reach","2019-08-12T23:02Z","2020-02-25","OKSR.20190812.SURBER.1","A00000028809",,"NEMSP7","Y","Nemoura sp.",,"genus","Arthropoda","Hexapoda","Insecta","Pterygota","Neoptera","Polyneoptera","Plecoptera","Euholognatha",,,"Nemouridae","Nemourinae",,,"Nemoura","sp.",,"larva",5,,3,100,3,"N","N","condition OK","Y",,"Stewart and Stark 2002; Merritt et al. 2019","N","Rhithron Associates, Inc.","B. Moore",,
"26686c7c-e3c8-4935-b9df-8e209ba027f1","D18","OKSR","OKSR.AOS.reach","2019-08-12T23:02Z","2020-02-25","OKSR.20190812.KICKNET.3","A00000027889",,"HYDSP52","Y","Hydrosmittia sp.",,"genus","Arthropoda",,"Insecta","Pterygota","Neoptera",,"Diptera","Nematocera","Culicomorpha","Chironomoidea","Chironomidae","Orthocladiinae",,,"Hydrosmittia","sp.",,"larva",4,,2,70,3,"N","N","condition OK","Y",,"Weiderholm, 1983; Weiderholm, 1986; Epler 2001; Ferrington et al. 2019; Andersen, Cranston and Epler 2013","Y","Rhithron Associates, Inc.","A. Fasbender",,
"929f056f-4b28-4781-ae26-b78829d3cc5a","D18","OKSR","OKSR.AOS.reach","2019-08-12T23:02Z","2020-02-25","OKSR.20190812.KICKNET.4","A00000028774",,"VALMER","Y","Valvata mergella",,"species","Mollusca",,"Gastropoda",,,,"Heterostropha",,,,"Valvatidae",,,,"Valvata","mergella",,"none",1,,16,33,48,"N","N","condition OK","Y",,"Burch 1989; Thorp and Rogers 2016","N","Rhithron Associates, Inc.","B. Moore",,
"1b725563-39a3-4c1a-bf67-9e8519c7c5dd","D18","OKSR","OKSR.AOS.reach","2019-08-12T23:02Z","2020-02-25","OKSR.20190812.KICKNET.2","A00000027876",,"NEMSP7","Y","Nemoura sp.",,"genus","Arthropoda","Hexapoda","Insecta","Pterygota","Neoptera","Polyneoptera","Plecoptera","Euholognatha",,,"Nemouridae","Nemourinae",,,"Nemoura","sp.",,"larva",5,,1,100,1,"N","N","condition OK","Y",,"Stewart and Stark 2002; Merritt et al. 2019","N","Rhithron Associates, Inc.","B. Moore",,
"1c74a097-5be1-4e97-ba6c-4c62451ec553","D18","OKSR","OKSR.AOS.reach","2019-08-12T23:02Z","2020-02-25","OKSR.20190812.KICKNET.1","A00000028770",,"CAPSP2","Y","Capniidae sp.",,"family","Arthropoda","Hexapoda","Insecta","Pterygota","Neoptera","Polyneoptera","Plecoptera","Euholognatha",,,"Capniidae",,,,,"sp.",,"larva",4,,1,67,1,"Y","N","condition OK","Y",,"Stewart and Stark 2002; Merritt et al. 2019","Y","Rhithron Associates, Inc.","S. Sullivan",,
"9f00b241-99e3-40e4-b3df-78b7d34084d0","D18","OKSR","OKSR.AOS.reach","2019-08-12T23:02Z","2020-02-25","OKSR.20190812.KICKNET.5","A00000027887",,"CRISP6","Y","Cricotopus/Orthocladius sp.",,"speciesGroup","Arthropoda","Hexapoda","Insecta","Pterygota","Neoptera","Holometabola","Diptera","Nematocera","Culicomorpha",,"Chironomidae","Orthocladiinae",,,"Cricotopus/Orthocladius","sp.",,"larva",5,,5,33,15,"Y","N","condition OK","N",,"Weiderholm, 1983; Weiderholm, 1986; Epler 2001; Ferrington et al. 2008; Andersen, Cranston and Epler 2013","N","Rhithron Associates, Inc.","A. Fasbender",,
"2d506392-df95-4651-8142-e3937fe6254d","D18","OKSR","OKSR.AOS.reach","2019-08-12T23:02Z","2020-02-25","OKSR.20190812.SURBER.2","A00000028786",,"ENCSP1","Y","Enchytraeidae sp.",,"family","Annelida","Clitellata","Oligochaeta","Oligochaeta",,,"Enchytraeida",,,,"Enchytraeidae",,,,,"sp.",,"none",3,,1,100,1,"N","N","condition OK","Y",,"Kathman and Brinkhurst, 1999","N","Rhithron Associates, Inc.","J. Webb",,
"5bda3e71-4e5d-43e0-90de-ef586771131b","D18","OKSR","OKSR.AOS.reach","2019-08-12T23:02Z","2020-02-25","OKSR.20190812.KICKNET.5","A00000027887",,"TVESP","Y","Tvetenia sp.",,"genus","Arthropoda","Hexapoda","Insecta","Pterygota","Neoptera","Holometabola","Diptera","Nematocera","Culicomorpha",,"Chironomidae","Orthocladiinae",,,"Tvetenia","sp.",,"larva",5,,2,33,6,"N","N","condition OK","Y",,"Weiderholm, 1983; Weiderholm, 1986; Epler 2001; Ferrington et al. 2019; Andersen, Cranston and Epler 2013","N","Rhithron Associates, Inc.","A. Fasbender",,
"7f229f2d-c41e-43b2-8c80-cb99241d35e6","D18","OKSR","OKSR.AOS.reach","2019-08-12T23:02Z","2020-02-26","OKSR.20190812.KICKNET.5","A00000027887",,"ALAOVI","Y","Alaskaperla ovibovis",,"species","Arthropoda","Hexapoda","Insecta","Pterygota","Neoptera","Polyneoptera","Plecoptera","Systellognatha",,,"Chloroperlidae","Chloroperlinae",,,"Alaskaperla","ovibovis",,"larva",4,,1,33,3,"N","N","condition OK","Y",,"Stewart and Stark 2002; Merritt et al. 2019; Morse et al. 2017","N","Rhithron Associates, Inc.","S. Sullivan",,
"84eb0e23-c0be-4307-83cb-f51170b9f00e","D18","OKSR","OKSR.AOS.reach","2019-08-12T23:02Z","2020-02-25","OKSR.20190812.KICKNET.1","A00000028770",,"NEMSP7","Y","Nemoura sp.",,"genus","Arthropoda","Hexapoda","Insecta","Pterygota","Neoptera","Polyneoptera","Plecoptera","Euholognatha",,,"Nemouridae","Nemourinae",,,"Nemoura","sp.",,"larva",2,,49,67,73,"N","N","condition OK","Y",,"Stewart and Stark 2002; Merritt et al. 2019","Y","Rhithron Associates, Inc.","S. Sullivan",,
"a37ece9b-731a-40a9-ac9f-b67c259ab41f","D18","OKSR","OKSR.AOS.reach","2019-08-12T23:02Z","2020-02-25","OKSR.20190812.KICKNET.4","A00000028774",,"CINSP1","Y","Cinygmula sp.",,"genus","Arthropoda","Hexapoda","Insecta","Pterygota","Palaeoptera",,"Ephemeroptera","Pisciforma",,"Heptagenioidea","Heptageniidae",,,,"Cinygmula","sp.",,"larva",2,,3,33,9,"N","N","condition OK","Y",,"Merritt et al. 2019","N","Rhithron Associates, Inc.","B. Moore",,
"cd6826c1-7a6b-42b6-b43d-345fa0682f6f","D18","OKSR","OKSR.AOS.reach","2019-08-12T23:02Z","2020-02-26","OKSR.20190812.KICKNET.5","A00000027887",,"ATRSP3","Y","Atractides sp.",,"genus","Arthropoda","Chelicerata","Arachnida","Acari",,"Acariformes","Trombidiformes","Prostigmata",,"Hygrobatoidea","Hygrobatidae",,,,"Atractides","sp.",,"adult",1,,1,33,3,"N","N","condition OK","Y",,"Thorp and Rogers 2016","N","Rhithron Associates, Inc.","S. Sullivan",,
"1a5d5035-ea97-4130-9ce7-dfe2a09318fb","D18","OKSR","OKSR.AOS.reach","2019-08-12T23:02Z","2020-02-26","OKSR.20190812.KICKNET.5","A00000027887",,"LEBSP1","Y","Lebertia sp.",,"genus","Arthropoda","Chelicerata","Arachnida","Acari",,"Acariformes","Trombidiformes","Prostigmata",,"Lebertioidea","Lebertiidae",,,,"Lebertia","sp.",,"adult",1,,3,33,9,"N","N","condition OK","Y",,"Thorp and Rogers 2016","N","Rhithron Associates, Inc.","S. Sullivan",,
"07728257-7fe0-4d6b-a241-069f2b0e7b82","D18","OKSR","OKSR.AOS.reach","2019-08-12T23:02Z","2020-02-25","OKSR.20190812.SURBER.2","A00000028786",,"NEMSP7","Y","Nemoura sp.",,"genus","Arthropoda","Hexapoda","Insecta","Pterygota","Neoptera","Polyneoptera","Plecoptera","Euholognatha",,,"Nemouridae","Nemourinae",,,"Nemoura","sp.",,"larva",3,,1,100,1,"N","N","condition OK","Y",,"Stewart and Stark 2002; Merritt et al. 2019","N","Rhithron Associates, Inc.","B. Moore",,
"08f2f29f-7391-412b-aaaf-6b3bf447911c","D18","OKSR","OKSR.AOS.reach","2019-08-12T23:02Z","2020-02-26","OKSR.20190812.KICKNET.3","A00000027889",,"ALAOVI","Y","Alaskaperla ovibovis",,"species","Arthropoda","Hexapoda","Insecta","Pterygota","Neoptera","Polyneoptera","Plecoptera","Systellognatha",,,"Chloroperlidae","Chloroperlinae",,,"Alaskaperla","ovibovis",,"larva",4,,3,70,4,"N","N","condition OK","Y",,"Stewart and Stark 2002; Merritt et al. 2019; Morse et al. 2017","Y","Rhithron Associates, Inc.","B. Moore",,
"e800dd64-5dd7-4dc8-a71c-7655cf17246a","D18","OKSR","OKSR.AOS.reach","2019-08-12T23:02Z","2020-02-25","OKSR.20190812.KICKNET.1","A00000028770",,"LEBSP1","Y","Lebertia sp.",,"genus","Arthropoda","Chelicerata","Arachnida","Acari",,"Acariformes","Trombidiformes","Prostigmata",,"Lebertioidea","Lebertiidae",,,,"Lebertia","sp.",,"adult",1,,9,67,13,"N","N","condition OK","Y",,"Thorp and Rogers 2016","Y","Rhithron Associates, Inc.","S. Sullivan",,
"fef88f7a-e3f1-4d12-a292-0cf6b1766d15","D18","OKSR","OKSR.AOS.reach","2019-08-12T23:02Z","2020-02-25","OKSR.20190812.SURBER.1","A00000028809",,"ORISP1","Y","Oribatida sp.",,"suborder","Arthropoda","Chelicerata","Arachnida","Acari",,"Acariformes","Sarcoptiformes","Oribatida",,,,,,,,"sp.",,"adult",1,,2,100,2,"N","N","condition OK","Y",,"Thorp and Rogers 2016","N","Rhithron Associates, Inc.","B. Moore",,
"4c1a942a-f91c-44ab-8489-d63b54b2d504","D18","OKSR","OKSR.AOS.reach","2019-08-12T23:02Z","2020-02-25","OKSR.20190812.KICKNET.4","A00000028774",,"CRISP6","Y","Cricotopus/Orthocladius sp.",,"speciesGroup","Arthropoda","Hexapoda","Insecta","Pterygota","Neoptera","Holometabola","Diptera","Nematocera","Culicomorpha",,"Chironomidae","Orthocladiinae",,,"Cricotopus/Orthocladius","sp.",,"larva",6,,8,33,24,"Y","N","condition OK","N",,"Weiderholm, 1983; Weiderholm, 1986; Epler 2001; Ferrington et al. 2008; Andersen, Cranston and Epler 2013","N","Rhithron Associates, Inc.","A. Fasbender",,
"27f5bf26-98ec-401d-b195-6f0ccedeab28","D18","OKSR","OKSR.AOS.reach","2019-08-12T23:02Z","2020-02-25","OKSR.20190812.SURBER.3","A00000028792",,"HYDSP26","Y","Hydrobaenus sp.",,"genus","Arthropoda","Hexapoda","Insecta","Pterygota","Neoptera","Holometabola","Diptera","Nematocera","Culicomorpha",,"Chironomidae","Orthocladiinae",,,"Hydrobaenus","sp.",,"larva",4,,1,100,1,"N","N","condition OK","Y",,"Weiderholm, 1983; Weiderholm, 1986; Epler 2001; Ferrington et al. 2019; Andersen, Cranston and Epler 2013","N","Rhithron Associates, Inc.","A. Fasbender",,
"ddf727da-9d7d-4e7a-a423-7d9ef98ed430","D18","OKSR","OKSR.AOS.reach","2019-08-12T23:02Z","2020-02-25","OKSR.20190812.KICKNET.3","A00000027889",,"NEOSP32","Y","Neozavrelia sp.",,"genus","Arthropoda","Hexapoda","Insecta","Pterygota","Neoptera","Holometabola","Diptera","Nematocera","Culicomorpha",,"Chironomidae","Orthocladiinae","Tanytarsini",,"Neozavrelia","sp.",,"larva",2,,57,70,81,"N","N","condition OK","Y",,"Weiderholm, 1983; Weiderholm, 1986; Epler 2001; Ferrington et al. 2019; Andersen, Cranston and Epler 2013","Y","Rhithron Associates, Inc.","A. Fasbender",,
"d7e45976-f257-456b-a9bb-30f5a460de11","D18","OKSR","OKSR.AOS.reach","2019-08-12T23:02Z","2020-02-25","OKSR.20190812.KICKNET.2","A00000027876",,"HYDSP52","Y","Hydrosmittia sp.",,"genus","Arthropoda",,"Insecta","Pterygota","Neoptera",,"Diptera","Nematocera","Culicomorpha","Chironomoidea","Chironomidae","Orthocladiinae",,,"Hydrosmittia","sp.",,"larva",2,,1,100,1,"N","N","condition OK","Y",,"Weiderholm, 1983; Weiderholm, 1986; Epler 2001; Ferrington et al. 2019; Andersen, Cranston and Epler 2013","N","Rhithron Associates, Inc.","R. Spring",,
"63f80a05-baae-4f32-b74e-d6436896f527","D18","OKSR","OKSR.AOS.reach","2019-08-12T23:02Z","2020-02-25","OKSR.20190812.KICKNET.3","A00000027889",,"NAISP1","Y","Nais sp.",,"genus","Arthropoda","Crustacea","Malacostraca","Eumalacostraca",,"Peracarida","Tanaidacea","Tanaidomorpha",,"Paratanaoidea","Pseudotanaidae",,,,"Nais","sp.",,"none",3,,1,70,1,"N","N","damaged, affecting taxonomy and measurement","N",,"Kathman and Brinkhurst, 1999","Y","Rhithron Associates, Inc.","J. Webb",,
"d69cc0b4-ce58-4dc0-88b3-1f2e97df93c9","D18","OKSR","OKSR.AOS.reach","2019-08-12T23:02Z","2020-02-25","OKSR.20190812.KICKNET.1","A00000028770",,"NEMSP7","Y","Nemoura sp.",,"genus","Arthropoda","Hexapoda","Insecta","Pterygota","Neoptera","Polyneoptera","Plecoptera","Euholognatha",,,"Nemouridae","Nemourinae",,,"Nemoura","sp.",,"larva",5,,15,67,22,"N","N","condition OK","Y",,"Stewart and Stark 2002; Merritt et al. 2019","Y","Rhithron Associates, Inc.","S. Sullivan",,
"487bb79c-0022-4251-ad24-b26142a77a49","D18","OKSR","OKSR.AOS.reach","2019-08-12T23:02Z","2020-02-25","OKSR.20190812.KICKNET.1","A00000028770",,"THIGRO","Y","Thienemannimyia gr.",,"speciesGroup","Arthropoda","Hexapoda","Insecta","Pterygota","Neoptera","Holometabola","Diptera","Nematocera","Culicomorpha",,"Chironomidae","Tanypodinae","Pentaneurini",,"Thienemannimyia","gr.",,"larva",5,,3,67,4,"Y","N","condition OK","Y",,"Weiderholm, 1983; Weiderholm, 1986; Epler 2001; Ferrington et al. 2008; Andersen, Cranston and Epler 2017","Y","Rhithron Associates, Inc.","R. Spring",,
"371df100-84f9-4896-9d91-72e3eea5a056","D18","OKSR","OKSR.AOS.reach","2019-08-12T23:02Z","2020-02-25","OKSR.20190812.SURBER.1","A00000028809",,"KRESP1","Y","Krenosmittia sp.",,"genus","Arthropoda","Hexapoda","Insecta","Pterygota","Neoptera","Holometabola","Diptera","Nematocera","Culicomorpha",,"Chironomidae","Orthocladiinae",,,"Krenosmittia","sp.",,"larva",2,,1,100,1,"N","N","condition OK","Y",,"Weiderholm, 1983; Weiderholm, 1986; Epler 2001; Ferrington et al. 2019; Andersen, Cranston and Epler 2013","N","Rhithron Associates, Inc.","A. Fasbender",,
"609bf01c-fcaa-4057-8589-17d1ee8064c1","D18","OKSR","OKSR.AOS.reach","2019-08-12T23:02Z","2020-02-25","OKSR.20190812.KICKNET.5","A00000027887",,"TANSP11","Y","Tanytarsus sp.",,"genus","Arthropoda","Hexapoda","Insecta","Pterygota","Neoptera","Holometabola","Diptera","Nematocera","Culicomorpha",,"Chironomidae","Chironominae","Tanytarsini",,"Tanytarsus","sp.",,"larva",2,,2,33,6,"N","N","condition OK","Y",,"Weiderholm, 1983; Weiderholm, 1986; Epler 2001; Ferrington et al. 2019; Andersen, Cranston and Epler 2013","N","Rhithron Associates, Inc.","A. Fasbender",,
"cfec93e3-e3fd-49ce-8b1c-8b059aa6a0f7","D18","OKSR","OKSR.AOS.reach","2019-08-12T23:02Z","2020-02-25","OKSR.20190812.KICKNET.5","A00000027887",,"PSESP19","Y","Psectrocladius sp.",,"genus","Arthropoda","Hexapoda","Insecta","Pterygota","Neoptera","Holometabola","Diptera","Nematocera","Culicomorpha",,"Chironomidae","Orthocladiinae",,,"Psectrocladius","sp.",,"larva",6,,1,33,3,"N","N","condition OK","Y",,"Weiderholm, 1983; Weiderholm, 1986; Epler 2001; Ferrington et al. 2019; Andersen, Cranston and Epler 2013","N","Rhithron Associates, Inc.","A. Fasbender",,
"66881e17-4f53-4182-9d7b-5ae39ce17b2e","D18","OKSR","OKSR.AOS.reach","2019-08-12T23:02Z","2020-02-25","OKSR.20190812.KICKNET.2","A00000027876",,"TVESP","Y","Tvetenia sp.",,"genus","Arthropoda","Hexapoda","Insecta","Pterygota","Neoptera","Holometabola","Diptera","Nematocera","Culicomorpha",,"Chironomidae","Orthocladiinae",,,"Tvetenia","sp.",,"pupa",3,,2,100,2,"N","N","condition OK","N",,"Weiderholm, 1983; Weiderholm, 1986; Epler 2001; Ferrington et al. 2019; Andersen, Cranston and Epler 2013","N","Rhithron Associates, Inc.","R. Spring",,
"37a0e1c1-5535-4cbb-b7cf-b0ff4e27b04d","D18","OKSR","OKSR.AOS.reach","2019-08-12T23:02Z","2020-02-25","OKSR.20190812.KICKNET.2","A00000027876",,"CRISP6","Y","Cricotopus/Orthocladius sp.",,"speciesGroup","Arthropoda","Hexapoda","Insecta","Pterygota","Neoptera","Holometabola","Diptera","Nematocera","Culicomorpha",,"Chironomidae","Orthocladiinae",,,"Cricotopus/Orthocladius","sp.",,"larva",1,,6,100,6,"Y","N","condition OK","N",,"Weiderholm, 1983; Weiderholm, 1986; Epler 2001; Ferrington et al. 2008; Andersen, Cranston and Epler 2013","N","Rhithron Associates, Inc.","R. Spring",,
"e9e8b18a-a929-4818-b73c-4e098318793a","D18","OKSR","OKSR.AOS.reach","2019-08-12T23:02Z","2020-02-25","OKSR.20190812.KICKNET.5","A00000027887",,"CRISP6","Y","Cricotopus/Orthocladius sp.",,"speciesGroup","Arthropoda","Hexapoda","Insecta","Pterygota","Neoptera","Holometabola","Diptera","Nematocera","Culicomorpha",,"Chironomidae","Orthocladiinae",,,"Cricotopus/Orthocladius","sp.",,"larva",4,,2,33,6,"Y","N","condition OK","N",,"Weiderholm, 1983; Weiderholm, 1986; Epler 2001; Ferrington et al. 2008; Andersen, Cranston and Epler 2013","N","Rhithron Associates, Inc.","A. Fasbender",,
"76572c00-953d-4966-9d01-8c29dd1ef261","D18","OKSR","OKSR.AOS.reach","2019-08-12T23:02Z","2020-02-25","OKSR.20190812.KICKNET.4","A00000028774",,"CLASP6","Y","Cladotanytarsus sp.",,"genus","Arthropoda","Hexapoda","Insecta","Pterygota","Neoptera","Holometabola","Diptera","Nematocera","Culicomorpha",,"Chironomidae","Chironominae","Tanytarsini",,"Cladotanytarsus","sp.",,"larva",2,,4,33,12,"N","N","condition OK","Y",,"Weiderholm, 1983; Weiderholm, 1986; Epler 2001; Ferrington et al. 2019; Andersen, Cranston and Epler 2013","N","Rhithron Associates, Inc.","A. Fasbender",,
"23e4ff69-19a1-45ff-9fe0-f717c80d1786","D18","OKSR","OKSR.AOS.reach","2019-08-12T23:02Z","2020-02-25","OKSR.20190812.KICKNET.2","A00000027876",,"ORISP1","Y","Oribatida sp.",,"suborder","Arthropoda","Chelicerata","Arachnida","Acari",,"Acariformes","Sarcoptiformes","Oribatida",,,,,,,,"sp.",,"adult",1,,1,100,1,"N","N","condition OK","Y",,"Thorp and Rogers 2016","N","Rhithron Associates, Inc.","B. Moore",,
"8371f208-796a-4d4a-8ef7-b628e6b1a801","D18","OKSR","OKSR.AOS.reach","2019-08-12T23:02Z","2020-02-25","OKSR.20190812.SURBER.1","A00000028809",,"CLASP6","Y","Cladotanytarsus sp.",,"genus","Arthropoda","Hexapoda","Insecta","Pterygota","Neoptera","Holometabola","Diptera","Nematocera","Culicomorpha",,"Chironomidae","Chironominae","Tanytarsini",,"Cladotanytarsus","sp.",,"larva",2,,11,100,11,"N","N","condition OK","Y",,"Weiderholm, 1983; Weiderholm, 1986; Epler 2001; Ferrington et al. 2019; Andersen, Cranston and Epler 2013","N","Rhithron Associates, Inc.","A. Fasbender",,
"bea3f80d-4125-4480-b30d-e200469e6e0d","D18","OKSR","OKSR.AOS.reach","2019-08-12T23:02Z","2020-02-26","OKSR.20190812.KICKNET.3","A00000027889",,"LEBSP1","Y","Lebertia sp.",,"genus","Arthropoda","Chelicerata","Arachnida","Acari",,"Acariformes","Trombidiformes","Prostigmata",,"Lebertioidea","Lebertiidae",,,,"Lebertia","sp.",,"adult",1,,8,70,11,"N","N","condition OK","Y",,"Thorp and Rogers 2016","Y","Rhithron Associates, Inc.","B. Moore",,
"c97c105a-bf84-4138-9a50-06c2a419ed4a","D18","OKSR","OKSR.AOS.reach","2019-08-12T23:02Z","2020-02-25","OKSR.20190812.SURBER.3","A00000028792",,"EUKBRE","Y","Eukiefferiella brehmi gr.",,"speciesGroup","Arthropoda","Hexapoda","Insecta","Pterygota","Neoptera","Holometabola","Diptera","Nematocera","Culicomorpha",,"Chironomidae","Orthocladiinae",,,"Eukiefferiella","brehmi gr.",,"larva",3,,2,100,2,"N","N","condition OK","Y",,"Weiderholm, 1983; Bode, 1983; Weiderholm, 1986; Epler 2001; Ferrington et al. 2019; Andersen, Cranston and Epler 2013","N","Rhithron Associates, Inc.","A. Fasbender",,
"b7d1a091-f8b0-4d14-803e-f26dfd178d41","D18","OKSR","OKSR.AOS.reach","2019-08-12T23:02Z","2020-02-25","OKSR.20190812.KICKNET.2","A00000027876",,"VALMER","Y","Valvata mergella",,"species","Mollusca",,"Gastropoda",,,,"Heterostropha",,,,"Valvatidae",,,,"Valvata","mergella",,"none",2,,5,100,5,"N","N","condition OK","Y",,"Burch 1989; Thorp and Rogers 2016","N","Rhithron Associates, Inc.","B. Moore",,
"d673e08d-4a8e-4e82-b883-1ef3742bccb4","D18","OKSR","OKSR.AOS.reach","2019-08-12T23:02Z","2020-02-25","OKSR.20190812.KICKNET.2","A00000027876",,"KRESP1","Y","Krenosmittia sp.",,"genus","Arthropoda","Hexapoda","Insecta","Pterygota","Neoptera","Holometabola","Diptera","Nematocera","Culicomorpha",,"Chironomidae","Orthocladiinae",,,"Krenosmittia","sp.",,"larva",3,,1,100,1,"N","N","condition OK","Y",,"Weiderholm, 1983; Weiderholm, 1986; Epler 2001; Ferrington et al. 2019; Andersen, Cranston and Epler 2013","N","Rhithron Associates, Inc.","R. Spring",,
"0821c35c-d914-49a4-a534-5de2a5a6021d","D18","OKSR","OKSR.AOS.reach","2019-08-12T23:02Z","2020-02-25","OKSR.20190812.KICKNET.5","A00000027887",,"ENCSP1","Y","Enchytraeidae sp.",,"family","Annelida","Clitellata","Oligochaeta","Oligochaeta",,,"Enchytraeida",,,,"Enchytraeidae",,,,,"sp.",,"none",4,,1,33,3,"N","N","condition OK","Y",,"Kathman and Brinkhurst, 1999","N","Rhithron Associates, Inc.","J. Webb",,
"909dfcd0-79b9-4bd8-80bd-eb1fc109bae8","D18","OKSR","OKSR.AOS.reach","2019-08-12T23:02Z","2020-02-25","OKSR.20190812.KICKNET.4","A00000028774",,"HYDSP52","Y","Hydrosmittia sp.",,"genus","Arthropoda",,"Insecta","Pterygota","Neoptera",,"Diptera","Nematocera","Culicomorpha","Chironomoidea","Chironomidae","Orthocladiinae",,,"Hydrosmittia","sp.",,"larva",2,,5,33,15,"N","N","condition OK","Y",,"Weiderholm, 1983; Weiderholm, 1986; Epler 2001; Ferrington et al. 2019; Andersen, Cranston and Epler 2013","N","Rhithron Associates, Inc.","A. Fasbender",,
"70baa051-43f1-453f-8d82-1ed3a9a52699","D18","OKSR","OKSR.AOS.reach","2019-08-12T23:02Z","2020-02-25","OKSR.20190812.KICKNET.4","A00000028774",,"LEBSP1","Y","Lebertia sp.",,"genus","Arthropoda","Chelicerata","Arachnida","Acari",,"Acariformes","Trombidiformes","Prostigmata",,"Lebertioidea","Lebertiidae",,,,"Lebertia","sp.",,"adult",1,,3,33,9,"N","N","condition OK","Y",,"Thorp and Rogers 2016","N","Rhithron Associates, Inc.","B. Moore",,
"a61daa83-30c7-4246-b938-29c47b1eebb7","D18","OKSR","OKSR.AOS.reach","2019-08-12T23:02Z","2020-02-26","OKSR.20190812.KICKNET.3","A00000027889",,"ALAOVI","Y","Alaskaperla ovibovis",,"species","Arthropoda","Hexapoda","Insecta","Pterygota","Neoptera","Polyneoptera","Plecoptera","Systellognatha",,,"Chloroperlidae","Chloroperlinae",,,"Alaskaperla","ovibovis",,"larva",3,,11,70,16,"N","N","condition OK","Y",,"Stewart and Stark 2002; Merritt et al. 2019; Morse et al. 2017","Y","Rhithron Associates, Inc.","B. Moore",,
"9dc686d4-4bd8-47f4-a065-2a9309cbd219","D18","OKSR","OKSR.AOS.reach","2019-08-12T23:02Z","2020-02-25","OKSR.20190812.SURBER.2","A00000028786",,"RHYSP3","Y","Rhyacophila sp.",,"genus","Arthropoda","Hexapoda","Insecta","Pterygota","Neoptera","Holometabola","Trichoptera",,,"Rhyacophiloidea","Rhyacophilidae",,,,"Rhyacophila","sp.",,"larva",2,,2,100,2,"Y","N","condition OK","Y",,"Prather and Morris 2001; Morse et al. 2017; Giersch et al. 2012","N","Rhithron Associates, Inc.","B. Moore",,
"5b70debf-236e-4a19-b1ed-9e71eee1131f","D18","OKSR","OKSR.AOS.reach","2019-08-12T23:02Z","2020-02-25","OKSR.20190812.SURBER.2","A00000028786",,"HELSP22","Y","Helodon/Prosimulium sp.",,"speciesGroup","Arthropoda","Hexapoda","Insecta","Pterygota","Neoptera","Holometabola","Diptera","Nematocera","Culicomorpha",,"Simuliidae","Simuliinae","Prosimuliini",,"Helodon/Prosimulium","sp.",,"larva",3,,1,100,1,"N","N","damaged, affecting taxonomy and measurement","Y",,"Adler et al. 2004; Merritt et al. 2019","N","Rhithron Associates, Inc.","B. Moore",,
"f1b2c8db-bfde-4511-9e34-309ee87256ed","D18","OKSR","OKSR.AOS.reach","2019-08-12T23:02Z","2020-02-25","OKSR.20190812.KICKNET.4","A00000028774",,"NEOSP32","Y","Neozavrelia sp.",,"genus","Arthropoda","Hexapoda","Insecta","Pterygota","Neoptera","Holometabola","Diptera","Nematocera","Culicomorpha",,"Chironomidae","Orthocladiinae","Tanytarsini",,"Neozavrelia","sp.",,"larva",1,,21,33,64,"N","N","condition OK","Y",,"Weiderholm, 1983; Weiderholm, 1986; Epler 2001; Ferrington et al. 2019; Andersen, Cranston and Epler 2013","N","Rhithron Associates, Inc.","A. Fasbender",,
"bb36d637-319f-4800-9a4d-838757c3fa7f","D18","OKSR","OKSR.AOS.reach","2019-08-12T23:02Z","2020-02-25","OKSR.20190812.SURBER.3","A00000028792",,"NEMSP7","Y","Nemoura sp.",,"genus","Arthropoda","Hexapoda","Insecta","Pterygota","Neoptera","Polyneoptera","Plecoptera","Euholognatha",,,"Nemouridae","Nemourinae",,,"Nemoura","sp.",,"larva",5,,2,100,2,"N","N","condition OK","Y",,"Stewart and Stark 2002; Merritt et al. 2019","N","Rhithron Associates, Inc.","B. Moore",,
"605a8c7d-4fd3-451b-a212-fc3d5c24f33d","D18","OKSR","OKSR.AOS.reach","2019-08-12T23:02Z","2020-02-25","OKSR.20190812.KICKNET.5","A00000027887",,"CRISP2","Y","Cricotopus sp.",,"genus","Arthropoda","Hexapoda","Insecta","Pterygota","Neoptera","Holometabola","Diptera","Nematocera","Culicomorpha",,"Chironomidae","Orthocladiinae",,,"Cricotopus","sp.",,"larva",1,,1,33,3,"N","N","condition OK","Y",,"Weiderholm, 1983; Weiderholm, 1986; Epler 2001; Ferrington et al. 2019; Andersen, Cranston and Epler 2013","N","Rhithron Associates, Inc.","A. Fasbender",,
"5787d9d2-6047-4839-9b98-8e9b0bb7c6f2","D18","OKSR","OKSR.AOS.reach","2019-08-12T23:02Z","2020-02-25","OKSR.20190812.KICKNET.1","A00000028770",,"ALAOVI","Y","Alaskaperla ovibovis",,"species","Arthropoda","Hexapoda","Insecta","Pterygota","Neoptera","Polyneoptera","Plecoptera","Systellognatha",,,"Chloroperlidae","Chloroperlinae",,,"Alaskaperla","ovibovis",,"larva",6,,10,67,15,"N","N","condition OK","Y",,"Stewart and Stark 2002; Merritt et al. 2019; Morse et al. 2017","Y","Rhithron Associates, Inc.","S. Sullivan",,
"e28c3167-1a35-41e9-a43e-305cc9fde4dc","D18","OKSR","OKSR.AOS.reach","2019-08-12T23:02Z","2020-02-26","OKSR.20190812.KICKNET.5","A00000027887",,"NEMSP","Y","Nematoda sp.",,"phylum","Nematoda",,,,,,,,,,,,,,,"sp.",,"none",3,,8,33,24,"N","N","condition OK","Y",,"Thorp and Rogers 2016","N","Rhithron Associates, Inc.","S. Sullivan",,
"495f5836-383c-47b0-b971-dee70bdcb616","D18","OKSR","OKSR.AOS.reach","2019-08-12T23:02Z","2020-02-25","OKSR.20190812.KICKNET.4","A00000028774",,"ORTSP3","Y","Orthocladius sp.",,"genus","Arthropoda","Hexapoda","Insecta","Pterygota","Neoptera","Holometabola","Diptera","Nematocera","Culicomorpha",,"Chironomidae","Orthocladiinae",,,"Orthocladius","sp.",,"larva",5,,5,33,15,"N","N","condition OK","Y",,"Weiderholm, 1983; Weiderholm, 1986; Epler 2001; Ferrington et al. 2019; Andersen, Cranston and Epler 2013","N","Rhithron Associates, Inc.","A. Fasbender",,
"90751df5-2fdf-4f16-b561-7ceb236b8ebf","D18","OKSR","OKSR.AOS.reach","2019-08-12T23:02Z","2020-02-25","OKSR.20190812.KICKNET.3","A00000027889",,"NAICOM","Y","Nais communis/variabilis",,"speciesGroup","Annelida","Clitellata","Oligochaeta","Oligochaeta",,,"Tubificida",,,,"Naididae","Naidinae",,,"Nais","communis/variabilis",,"none",2,,1,70,1,"Y","N","condition OK","Y",,"Kathman and Brinkhurst, 1999","Y","Rhithron Associates, Inc.","J. Webb",,
"76f68bfc-fa69-4273-a6dc-4e353c5afd31","D18","OKSR","OKSR.AOS.reach","2019-08-12T23:02Z","2020-02-25","OKSR.20190812.KICKNET.1","A00000028770",,"VALMER","Y","Valvata mergella",,"species","Mollusca",,"Gastropoda",,,,"Heterostropha",,,,"Valvatidae",,,,"Valvata","mergella",,"none",3,,2,67,3,"N","N","condition OK","Y",,"Burch 1989; Thorp and Rogers 2016","Y","Rhithron Associates, Inc.","S. Sullivan",,
"11e42a83-bc67-42d2-84c6-9b107b9d1466","D18","OKSR","OKSR.AOS.reach","2019-08-12T23:02Z","2020-02-26","OKSR.20190812.KICKNET.5","A00000027887",,"VALMER","Y","Valvata mergella",,"species","Mollusca",,"Gastropoda",,,,"Heterostropha",,,,"Valvatidae",,,,"Valvata","mergella",,"none",5,,6,33,18,"N","N","condition OK","Y",,"Burch 1989; Thorp and Rogers 2016","N","Rhithron Associates, Inc.","S. Sullivan",,
"5c166acc-1d11-4de1-8dae-2af6c4476d28","D18","OKSR","OKSR.AOS.reach","2019-08-12T23:02Z","2020-02-25","OKSR.20190812.KICKNET.2","A00000027876",,"THIGRO","Y","Thienemannimyia gr.",,"speciesGroup","Arthropoda","Hexapoda","Insecta","Pterygota","Neoptera","Holometabola","Diptera","Nematocera","Culicomorpha",,"Chironomidae","Tanypodinae","Pentaneurini",,"Thienemannimyia","gr.",,"larva",1,,1,100,1,"Y","N","condition OK","Y",,"Weiderholm, 1983; Weiderholm, 1986; Epler 2001; Ferrington et al. 2008; Andersen, Cranston and Epler 2017","N","Rhithron Associates, Inc.","R. Spring",,
"83b238a1-8cae-43f9-904c-617fe6d08ad4","D18","OKSR","OKSR.AOS.reach","2019-08-12T23:02Z","2020-02-26","OKSR.20190812.KICKNET.5","A00000027887",,"NEOSP30","Y","Neoplasta sp.",,"genus","Arthropoda","Hexapoda","Insecta","Pterygota","Neoptera","Holometabola","Diptera","Brachycera","Muscomorpha",,"Empididae","Hemerodromiinae","Hemerodromiini",,"Neoplasta","sp.",,"larva",2,,1,33,3,"N","N","condition OK","Y",,"Merritt et al. 2019","N","Rhithron Associates, Inc.","S. Sullivan",,
"d4863e37-0064-4825-97f2-e31cabdffe41","D18","OKSR","OKSR.AOS.reach","2019-08-12T23:02Z","2020-02-25","OKSR.20190812.KICKNET.2","A00000027876",,"VALMER","Y","Valvata mergella",,"species","Mollusca",,"Gastropoda",,,,"Heterostropha",,,,"Valvatidae",,,,"Valvata","mergella",,"none",1,,4,100,4,"N","N","condition OK","Y",,"Burch 1989; Thorp and Rogers 2016","N","Rhithron Associates, Inc.","B. Moore",,
"40d6224b-9458-4580-8847-8b8b4be6b741","D18","OKSR","OKSR.AOS.reach","2019-08-12T23:02Z","2020-02-25","OKSR.20190812.SURBER.2","A00000028786",,"ACELAP","Y","Acentrella lapponica",,"species","Arthropoda","Hexapoda","Insecta","Pterygota","Palaeoptera",,"Ephemeroptera","Pisciforma",,,"Baetidae",,,,"Acentrella","lapponica",,"larva",2,,1,100,1,"N","N","condition OK","Y",,"Jacobus and McCafferty 2006; McCafferty et al. 2009; Burian and Meyers 2011; Webb 2017; Alba-Tercedor and McCafferty 2000; Muller-Liebenau 1969","N","Rhithron Associates, Inc.","B. Moore",,
"2a485f70-4062-4eea-98b6-a4a6deebee5e","D18","OKSR","OKSR.AOS.reach","2019-08-12T23:02Z","2020-02-25","OKSR.20190812.KICKNET.4","A00000028774",,"BRAAME","Y","Brachycentrus americanus",,"species","Arthropoda","Hexapoda","Insecta","Pterygota","Neoptera","Holometabola","Trichoptera",,,"Limnephiloidea","Brachycentridae",,,,"Brachycentrus","americanus",,"larva",2,,1,33,3,"N","N","condition OK","Y",,"Flint 1984","N","Rhithron Associates, Inc.","B. Moore",,
"aab628e4-ca21-4ed2-a695-a6b37d393ffe","D18","OKSR","OKSR.AOS.reach","2019-08-12T23:02Z","2020-02-25","OKSR.20190812.KICKNET.2","A00000027876",,"TIPSP3","Y","Tipula sp.",,"genus","Arthropoda","Hexapoda","Insecta","Pterygota","Neoptera","Holometabola","Diptera","Nematocera","Tipulomorpha",,"Tipulidae","Tipulinae",,,"Tipula","sp.",,"larva",7,,1,100,1,"N","N","condition OK","Y",,"Gelhaus and Podeniene 2018; Merritt et al. 2019","N","Rhithron Associates, Inc.","B. Moore",,
"9516e5f8-6bbe-436e-86c2-e09b82222e44","D18","OKSR","OKSR.AOS.reach","2019-08-12T23:02Z","2020-02-25","OKSR.20190812.SURBER.3","A00000028792",,"HYDSP52","Y","Hydrosmittia sp.",,"genus","Arthropoda",,"Insecta","Pterygota","Neoptera",,"Diptera","Nematocera","Culicomorpha","Chironomoidea","Chironomidae","Orthocladiinae",,,"Hydrosmittia","sp.",,"larva",1,,15,100,15,"N","N","condition OK","Y",,"Weiderholm, 1983; Weiderholm, 1986; Epler 2001; Ferrington et al. 2019; Andersen, Cranston and Epler 2013","N","Rhithron Associates, Inc.","A. Fasbender",,
"54dec525-a030-4699-ac85-456137df290e","D18","OKSR","OKSR.AOS.reach","2019-08-12T23:02Z","2020-02-25","OKSR.20190812.KICKNET.4","A00000028774",,"VALMER","Y","Valvata mergella",,"species","Mollusca",,"Gastropoda",,,,"Heterostropha",,,,"Valvatidae",,,,"Valvata","mergella",,"none",3,,5,33,15,"N","N","condition OK","Y",,"Burch 1989; Thorp and Rogers 2016","N","Rhithron Associates, Inc.","B. Moore",,
"e852f29b-0c76-4682-a5d6-f7e5da787af5","D18","OKSR","OKSR.AOS.reach","2019-08-12T23:02Z","2020-02-25","OKSR.20190812.KICKNET.2","A00000027876",,"PARSP34","Y","Paratanytarsus sp.",,"genus","Arthropoda","Hexapoda","Insecta","Pterygota","Neoptera","Holometabola","Diptera","Nematocera","Culicomorpha",,"Chironomidae","Chironominae","Tanytarsini",,"Paratanytarsus","sp.",,"larva",2,,5,100,5,"N","N","condition OK","Y",,"Weiderholm, 1983; Weiderholm, 1986; Epler 2001; Ferrington et al. 2019; Andersen, Cranston and Epler 2013","N","Rhithron Associates, Inc.","R. Spring",,
"517b0e50-34d8-4351-8813-fe7f2bdd422b","D18","OKSR","OKSR.AOS.reach","2019-08-12T23:02Z","2020-02-25","OKSR.20190812.KICKNET.2","A00000027876",,"TVESP","Y","Tvetenia sp.",,"genus","Arthropoda","Hexapoda","Insecta","Pterygota","Neoptera","Holometabola","Diptera","Nematocera","Culicomorpha",,"Chironomidae","Orthocladiinae",,,"Tvetenia","sp.",,"larva",6,,2,100,2,"N","N","condition OK","Y",,"Weiderholm, 1983; Weiderholm, 1986; Epler 2001; Ferrington et al. 2019; Andersen, Cranston and Epler 2013","N","Rhithron Associates, Inc.","R. Spring",,
"f4f3efbf-7a4c-4423-a5e5-1ddda67b2354","D18","OKSR","OKSR.AOS.reach","2019-08-12T23:02Z","2020-02-25","OKSR.20190812.SURBER.1","A00000028809",,"CINSP1","Y","Cinygmula sp.",,"genus","Arthropoda","Hexapoda","Insecta","Pterygota","Palaeoptera",,"Ephemeroptera","Pisciforma",,"Heptagenioidea","Heptageniidae",,,,"Cinygmula","sp.",,"larva",2,,1,100,1,"N","N","condition OK","Y",,"Merritt et al. 2019","N","Rhithron Associates, Inc.","B. Moore",,
"ebe4070a-1d49-4015-96a1-a3e2e40d4c8c","D18","OKSR","OKSR.AOS.reach","2019-08-12T23:02Z","2020-02-25","OKSR.20190812.KICKNET.1","A00000028770",,"PARSP34","Y","Paratanytarsus sp.",,"genus","Arthropoda","Hexapoda","Insecta","Pterygota","Neoptera","Holometabola","Diptera","Nematocera","Culicomorpha",,"Chironomidae","Chironominae","Tanytarsini",,"Paratanytarsus","sp.",,"larva",2,,11,67,16,"N","N","condition OK","Y",,"Weiderholm, 1983; Weiderholm, 1986; Epler 2001; Ferrington et al. 2019; Andersen, Cranston and Epler 2013","Y","Rhithron Associates, Inc.","R. Spring",,
"7685a50f-ef8c-46ed-9999-01cb19e85312","D18","OKSR","OKSR.AOS.reach","2019-08-12T23:02Z","2020-02-25","OKSR.20190812.KICKNET.5","A00000027887",,"CRISP6","Y","Cricotopus/Orthocladius sp.",,"speciesGroup","Arthropoda","Hexapoda","Insecta","Pterygota","Neoptera","Holometabola","Diptera","Nematocera","Culicomorpha",,"Chironomidae","Orthocladiinae",,,"Cricotopus/Orthocladius","sp.",,"larva",6,,2,33,6,"Y","N","condition OK","N",,"Weiderholm, 1983; Weiderholm, 1986; Epler 2001; Ferrington et al. 2008; Andersen, Cranston and Epler 2013","N","Rhithron Associates, Inc.","A. Fasbender",,
"3acf83bb-5863-412e-913a-da97037fb042","D18","OKSR","OKSR.AOS.reach","2019-08-12T23:02Z","2020-02-25","OKSR.20190812.SURBER.2","A00000028786",,"EUKSP","Y","Eukiefferiella sp.",,"genus","Arthropoda","Hexapoda","Insecta","Pterygota","Neoptera","Holometabola","Diptera","Nematocera","Culicomorpha",,"Chironomidae","Orthocladiinae",,,"Eukiefferiella","sp.",,"larva",1,,1,100,1,"Y","N","condition OK","Y",,"Weiderholm, 1983; Bode, 1983; Weiderholm, 1986; Epler 2001; Ferrington et al. 2019; Andersen, Cranston and Epler 2013","N","Rhithron Associates, Inc.","A. Fasbender",,
"6a3f1fa6-5721-439e-8490-ee61dd1d0967","D18","OKSR","OKSR.AOS.reach","2019-08-12T23:02Z","2020-02-25","OKSR.20190812.SURBER.3","A00000028792",,"NEMSP","Y","Nematoda sp.",,"phylum","Nematoda",,,,,,,,,,,,,,,"sp.",,"none",4,,1,100,1,"N","N","condition OK","Y",,"Thorp and Rogers 2016","N","Rhithron Associates, Inc.","B. Moore",,
"4bab2ebc-93cd-49d5-8fc4-3773ae3afe83","D18","OKSR","OKSR.AOS.reach","2019-08-12T23:02Z","2020-02-25","OKSR.20190812.KICKNET.3","A00000027889",,"CLASP6","Y","Cladotanytarsus sp.",,"genus","Arthropoda","Hexapoda","Insecta","Pterygota","Neoptera","Holometabola","Diptera","Nematocera","Culicomorpha",,"Chironomidae","Chironominae","Tanytarsini",,"Cladotanytarsus","sp.",,"larva",1,,11,70,16,"N","N","condition OK","Y",,"Weiderholm, 1983; Weiderholm, 1986; Epler 2001; Ferrington et al. 2019; Andersen, Cranston and Epler 2013","Y","Rhithron Associates, Inc.","A. Fasbender",,
"9ebdc460-6494-40c4-b609-cd7fa577597f","D18","OKSR","OKSR.AOS.reach","2019-08-12T23:02Z","2020-02-25","OKSR.20190812.KICKNET.2","A00000027876",,"STESP9","Y","Stempellina sp.",,"genus","Arthropoda","Hexapoda","Insecta","Pterygota","Neoptera","Holometabola","Diptera","Nematocera","Culicomorpha",,"Chironomidae","Chironominae","Tanytarsini",,"Stempellina","sp.",,"larva",2,,11,100,11,"N","N","condition OK","Y",,"Weiderholm, 1983; Weiderholm, 1986; Epler 2001; Ferrington et al. 2019; Andersen, Cranston and Epler 2013","N","Rhithron Associates, Inc.","R. Spring",,
"e7231970-98bd-437e-90d2-e1b1fa6a7de3","D18","OKSR","OKSR.AOS.reach","2019-08-12T23:02Z","2020-02-25","OKSR.20190812.KICKNET.4","A00000028774",,"FELSP1","Y","Feltria sp.",,"genus","Arthropoda","Chelicerata","Arachnida","Acari",,"Acariformes","Trombidiformes","Prostigmata",,"Hygrobatoidea","Feltriidae",,,,"Feltria","sp.",,"adult",1,,1,33,3,"N","N","condition OK","Y",,"Thorp and Rogers 2016","N","Rhithron Associates, Inc.","B. Moore","slide",
"c5c56f16-848f-4f2e-8d02-4ebd55a2f376","D18","OKSR","OKSR.AOS.reach","2019-08-12T23:02Z","2020-02-25","OKSR.20190812.KICKNET.4","A00000028774",,"HYDSP52","Y","Hydrosmittia sp.",,"genus","Arthropoda",,"Insecta","Pterygota","Neoptera",,"Diptera","Nematocera","Culicomorpha","Chironomoidea","Chironomidae","Orthocladiinae",,,"Hydrosmittia","sp.",,"larva",3,,13,33,39,"N","N","condition OK","Y",,"Weiderholm, 1983; Weiderholm, 1986; Epler 2001; Ferrington et al. 2019; Andersen, Cranston and Epler 2013","N","Rhithron Associates, Inc.","A. Fasbender",,
"1df031a4-806d-4030-8830-8166a3a37e2d","D18","OKSR","OKSR.AOS.reach","2019-08-12T23:02Z","2020-02-25","OKSR.20190812.KICKNET.5","A00000027887",,"PARSP34","Y","Paratanytarsus sp.",,"genus","Arthropoda","Hexapoda","Insecta","Pterygota","Neoptera","Holometabola","Diptera","Nematocera","Culicomorpha",,"Chironomidae","Chironominae","Tanytarsini",,"Paratanytarsus","sp.",,"larva",2,,3,33,9,"N","N","condition OK","Y",,"Weiderholm, 1983; Weiderholm, 1986; Epler 2001; Ferrington et al. 2019; Andersen, Cranston and Epler 2013","N","Rhithron Associates, Inc.","A. Fasbender",,
"44c70bec-561a-4287-888d-b59140a818ec","D18","OKSR","OKSR.AOS.reach","2019-08-12T23:02Z","2020-02-25","OKSR.20190812.KICKNET.2","A00000027876",,"HYGSP2","Y","Hygrobates sp.",,"genus","Arthropoda","Chelicerata","Arachnida","Acari",,"Acariformes","Trombidiformes","Prostigmata",,"Hygrobatoidea","Hygrobatidae",,,,"Hygrobates","sp.",,"adult",1,,4,100,4,"N","N","condition OK","Y",,"Thorp and Rogers 2016","N","Rhithron Associates, Inc.","B. Moore",,
"c8b09c4c-538a-4f39-8e33-f4b0c5879909","D18","OKSR","OKSR.AOS.reach","2019-08-12T23:02Z","2020-02-25","OKSR.20190812.SURBER.2","A00000028786",,"LUMSP2","Y","Lumbriculidae sp.",,"family","Annelida","Clitellata","Oligochaeta","Oligochaeta",,,"Lumbriculida",,,,"Lumbriculidae",,,,,"sp.",,"none",10,,1,100,1,"Y","N","condition OK","Y",,"Kathman and Brinkhurst, 1999","N","Rhithron Associates, Inc.","J. Webb","w/proboscis",
"8a35f5e3-6967-4488-b5cd-01ea1954ff18","D18","OKSR","OKSR.AOS.reach","2019-08-12T23:02Z","2020-02-25","OKSR.20190812.KICKNET.4","A00000028774",,"NEMSP","Y","Nematoda sp.",,"phylum","Nematoda",,,,,,,,,,,,,,,"sp.",,"none",3,,3,33,9,"N","N","condition OK","Y",,"Thorp and Rogers 2016","N","Rhithron Associates, Inc.","B. Moore",,
"8f473bca-f663-46d0-951e-005eaca95aab","D18","OKSR","OKSR.AOS.reach","2019-08-12T23:02Z","2020-02-25","OKSR.20190812.SURBER.3","A00000028792",,"TVESP","Y","Tvetenia sp.",,"genus","Arthropoda","Hexapoda","Insecta","Pterygota","Neoptera","Holometabola","Diptera","Nematocera","Culicomorpha",,"Chironomidae","Orthocladiinae",,,"Tvetenia","sp.",,"larva",6,,1,100,1,"N","N","condition OK","Y",,"Weiderholm, 1983; Weiderholm, 1986; Epler 2001; Ferrington et al. 2019; Andersen, Cranston and Epler 2013","N","Rhithron Associates, Inc.","A. Fasbender",,
"b32d3e5d-caef-4e16-a332-569f8a751d9f","D18","OKSR","OKSR.AOS.reach","2019-08-12T23:02Z","2020-02-25","OKSR.20190812.KICKNET.3","A00000027889",,"CRISP6","Y","Cricotopus/Orthocladius sp.",,"speciesGroup","Arthropoda","Hexapoda","Insecta","Pterygota","Neoptera","Holometabola","Diptera","Nematocera","Culicomorpha",,"Chironomidae","Orthocladiinae",,,"Cricotopus/Orthocladius","sp.",,"larva",7,,1,70,1,"Y","N","condition OK","N",,"Weiderholm, 1983; Weiderholm, 1986; Epler 2001; Ferrington et al. 2008; Andersen, Cranston and Epler 2013","Y","Rhithron Associates, Inc.","A. Fasbender",,
"61c3915c-e38f-4402-bda0-7089dbc26915","D18","OKSR","OKSR.AOS.reach","2019-08-12T23:02Z","2020-02-25","OKSR.20190812.KICKNET.4","A00000028774",,"LUMSP2","Y","Lumbriculidae sp.",,"family","Annelida","Clitellata","Oligochaeta","Oligochaeta",,,"Lumbriculida",,,,"Lumbriculidae",,,,,"sp.",,"none",15,,2,33,6,"Y","N","condition OK","Y",,"Kathman and Brinkhurst, 1999","N","Rhithron Associates, Inc.","J. Webb","w/proboscis",
"8894583c-2d38-46f3-847d-57e68418dfcf","D18","OKSR","OKSR.AOS.reach","2019-08-12T23:02Z","2020-02-25","OKSR.20190812.KICKNET.4","A00000028774",,"ORTSP3","Y","Orthocladius sp.",,"genus","Arthropoda","Hexapoda","Insecta","Pterygota","Neoptera","Holometabola","Diptera","Nematocera","Culicomorpha",,"Chironomidae","Orthocladiinae",,,"Orthocladius","sp.",,"larva",6,,2,33,6,"N","N","condition OK","Y",,"Weiderholm, 1983; Weiderholm, 1986; Epler 2001; Ferrington et al. 2019; Andersen, Cranston and Epler 2013","N","Rhithron Associates, Inc.","A. Fasbender",,
"0a4cde00-4dac-412f-a557-63b04232cd0a","D18","OKSR","OKSR.AOS.reach","2019-08-12T23:02Z","2020-02-25","OKSR.20190812.KICKNET.4","A00000028774",,"PARSP34","Y","Paratanytarsus sp.",,"genus","Arthropoda","Hexapoda","Insecta","Pterygota","Neoptera","Holometabola","Diptera","Nematocera","Culicomorpha",,"Chironomidae","Chironominae","Tanytarsini",,"Paratanytarsus","sp.",,"larva",2,,9,33,27,"N","N","condition OK","Y",,"Weiderholm, 1983; Weiderholm, 1986; Epler 2001; Ferrington et al. 2019; Andersen, Cranston and Epler 2013","N","Rhithron Associates, Inc.","A. Fasbender",,
"f732fe7a-085b-42cb-b68a-877ae4653c7b","D18","OKSR","OKSR.AOS.reach","2019-08-12T23:02Z","2020-02-25","OKSR.20190812.SURBER.2","A00000028786",,"SPESP4","Y","Sperchon sp.",,"genus","Arthropoda","Chelicerata","Arachnida","Acari",,"Acariformes","Trombidiformes","Prostigmata",,"Lebertioidea","Sperchontidae",,,,"Sperchon","sp.",,"adult",1,,1,100,1,"N","N","condition OK","Y",,"Thorp and Rogers 2016","N","Rhithron Associates, Inc.","B. Moore",,
"42c162d6-159f-4932-b7ef-0c614e5a6250","D18","OKSR","OKSR.AOS.reach","2019-08-12T23:02Z","2020-02-25","OKSR.20190812.KICKNET.4","A00000028774",,"VALMER","Y","Valvata mergella",,"species","Mollusca",,"Gastropoda",,,,"Heterostropha",,,,"Valvatidae",,,,"Valvata","mergella",,"none",4,,4,33,12,"N","N","condition OK","Y",,"Burch 1989; Thorp and Rogers 2016","N","Rhithron Associates, Inc.","B. Moore",,
"2a2c4aa6-e34d-4d69-8193-99e5f7adca79","D18","OKSR","OKSR.AOS.reach","2019-08-12T23:02Z","2020-02-25","OKSR.20190812.KICKNET.3","A00000027889",,"TVESP","Y","Tvetenia sp.",,"genus","Arthropoda","Hexapoda","Insecta","Pterygota","Neoptera","Holometabola","Diptera","Nematocera","Culicomorpha",,"Chironomidae","Orthocladiinae",,,"Tvetenia","sp.",,"larva",5,,1,70,1,"N","N","condition OK","Y",,"Weiderholm, 1983; Weiderholm, 1986; Epler 2001; Ferrington et al. 2019; Andersen, Cranston and Epler 2013","Y","Rhithron Associates, Inc.","A. Fasbender","tshernovskii",
"c1a2515b-e9bd-4205-a92c-0e8e5150356a","D18","OKSR","OKSR.AOS.reach","2019-08-12T23:02Z","2020-02-25","OKSR.20190812.KICKNET.2","A00000027876",,"EUKSP","Y","Eukiefferiella sp.",,"genus","Arthropoda","Hexapoda","Insecta","Pterygota","Neoptera","Holometabola","Diptera","Nematocera","Culicomorpha",,"Chironomidae","Orthocladiinae",,,"Eukiefferiella","sp.",,"pupa",2,,1,100,1,"N","N","condition OK","Y",,"Weiderholm, 1983; Bode, 1983; Weiderholm, 1986; Epler 2001; Ferrington et al. 2019; Andersen, Cranston and Epler 2013","N","Rhithron Associates, Inc.","R. Spring",,
"fa315e2d-2dcb-451a-ba20-f1cb2afac1ee","D18","OKSR","OKSR.AOS.reach","2019-08-12T23:02Z","2020-02-25","OKSR.20190812.KICKNET.4","A00000028774",,"STESP9","Y","Stempellina sp.",,"genus","Arthropoda","Hexapoda","Insecta","Pterygota","Neoptera","Holometabola","Diptera","Nematocera","Culicomorpha",,"Chironomidae","Chironominae","Tanytarsini",,"Stempellina","sp.",,"larva",1,,22,33,67,"N","N","condition OK","Y",,"Weiderholm, 1983; Weiderholm, 1986; Epler 2001; Ferrington et al. 2019; Andersen, Cranston and Epler 2013","N","Rhithron Associates, Inc.","A. Fasbender",,
"db88baa1-ae07-4ed5-92a6-7147825bcc2d","D18","OKSR","OKSR.AOS.reach","2019-08-12T23:02Z","2020-02-25","OKSR.20190812.KICKNET.3","A00000027889",,"CHISP6","Y","Chironomini sp.",,"tribe","Arthropoda","Hexapoda","Insecta","Pterygota","Neoptera","Holometabola","Diptera","Nematocera","Culicomorpha",,"Chironomidae","Chironominae","Chironomini",,,"sp.",,"larva",1,,2,70,3,"Y","N","condition OK","N",,"Weiderholm, 1983; Weiderholm, 1986; Epler 2001; Ferrington et al. 2019; Andersen, Cranston and Epler 2013","Y","Rhithron Associates, Inc.","A. Fasbender",,
"24afab6f-1f38-45f0-aeef-2dee6695b617","D18","OKSR","OKSR.AOS.reach","2019-08-12T23:02Z","2020-02-25","OKSR.20190812.SURBER.3","A00000028792",,"NEMSP7","Y","Nemoura sp.",,"genus","Arthropoda","Hexapoda","Insecta","Pterygota","Neoptera","Polyneoptera","Plecoptera","Euholognatha",,,"Nemouridae","Nemourinae",,,"Nemoura","sp.",,"larva",2,,8,100,8,"N","N","condition OK","Y",,"Stewart and Stark 2002; Merritt et al. 2019","N","Rhithron Associates, Inc.","B. Moore",,
"03030e2d-3b3d-40a4-9853-314eee39165f","D18","OKSR","OKSR.AOS.reach","2019-08-12T23:02Z","2020-02-25","OKSR.20190812.KICKNET.1","A00000028770",,"HYDSP52","Y","Hydrosmittia sp.",,"genus","Arthropoda",,"Insecta","Pterygota","Neoptera",,"Diptera","Nematocera","Culicomorpha","Chironomoidea","Chironomidae","Orthocladiinae",,,"Hydrosmittia","sp.",,"larva",3,,3,67,4,"N","N","condition OK","Y",,"Weiderholm, 1983; Weiderholm, 1986; Epler 2001; Ferrington et al. 2019; Andersen, Cranston and Epler 2013","Y","Rhithron Associates, Inc.","R. Spring",,
"7d787f7d-ffb5-49e9-ac9e-8e0b141606a6","D18","OKSR","OKSR.AOS.reach","2019-08-12T23:02Z","2020-02-26","OKSR.20190812.KICKNET.5","A00000027887",,"NEMSP7","Y","Nemoura sp.",,"genus","Arthropoda","Hexapoda","Insecta","Pterygota","Neoptera","Polyneoptera","Plecoptera","Euholognatha",,,"Nemouridae","Nemourinae",,,"Nemoura","sp.",,"larva",4,,4,33,12,"N","N","condition OK","Y",,"Stewart and Stark 2002; Merritt et al. 2019","N","Rhithron Associates, Inc.","S. Sullivan",,
"55860b6e-d2c1-4305-805e-7412b0d56ec7","D18","OKSR","OKSR.AOS.reach","2019-08-12T23:02Z","2020-02-26","OKSR.20190812.KICKNET.3","A00000027889",,"NEOSP30","Y","Neoplasta sp.",,"genus","Arthropoda","Hexapoda","Insecta","Pterygota","Neoptera","Holometabola","Diptera","Brachycera","Muscomorpha",,"Empididae","Hemerodromiinae","Hemerodromiini",,"Neoplasta","sp.",,"larva",1,,4,70,6,"N","N","condition OK","Y",,"Merritt et al. 2019","Y","Rhithron Associates, Inc.","B. Moore",,
"07e9e4e1-9a3b-40fa-b697-7a50248473c4","D18","OKSR","OKSR.AOS.reach","2019-08-12T23:02Z","2020-02-25","OKSR.20190812.KICKNET.4","A00000028774",,"LIMSP23","Y","Limnophyes sp.",,"genus","Arthropoda","Hexapoda","Insecta","Pterygota","Neoptera","Holometabola","Diptera","Nematocera","Culicomorpha",,"Chironomidae","Orthocladiinae",,,"Limnophyes","sp.",,"larva",3,,1,33,3,"N","N","condition OK","Y",,"Weiderholm, 1983; Weiderholm, 1986; Epler 2001; Ferrington et al. 2019; Andersen, Cranston and Epler 2013","N","Rhithron Associates, Inc.","A. Fasbender",,
"96f761a8-edeb-411c-bb34-83a8fa57cc59","D18","OKSR","OKSR.AOS.reach","2019-08-12T23:02Z","2020-02-25","OKSR.20190812.KICKNET.4","A00000028774",,"TVESP","Y","Tvetenia sp.",,"genus","Arthropoda","Hexapoda","Insecta","Pterygota","Neoptera","Holometabola","Diptera","Nematocera","Culicomorpha",,"Chironomidae","Orthocladiinae",,,"Tvetenia","sp.",,"pupa",3,,2,33,6,"N","N","condition OK","N",,"Weiderholm, 1983; Weiderholm, 1986; Epler 2001; Ferrington et al. 2019; Andersen, Cranston and Epler 2013","N","Rhithron Associates, Inc.","A. Fasbender",,
"f8dde217-244e-4581-932f-9f216adb263a","D18","OKSR","OKSR.AOS.reach","2019-08-12T23:02Z","2020-02-25","OKSR.20190812.KICKNET.1","A00000028770",,"TIPSP3","Y","Tipula sp.",,"genus","Arthropoda","Hexapoda","Insecta","Pterygota","Neoptera","Holometabola","Diptera","Nematocera","Tipulomorpha",,"Tipulidae","Tipulinae",,,"Tipula","sp.",,"larva",11,,4,67,6,"N","N","condition OK","Y",,"Gelhaus and Podeniene 2018; Merritt et al. 2019","Y","Rhithron Associates, Inc.","S. Sullivan",,
"07d1191f-fc1d-4d9b-8fdd-8637f4f58552","D18","OKSR","OKSR.AOS.reach","2019-08-12T23:02Z","2020-02-25","OKSR.20190812.KICKNET.4","A00000028774",,"ALAOVI","Y","Alaskaperla ovibovis",,"species","Arthropoda","Hexapoda","Insecta","Pterygota","Neoptera","Polyneoptera","Plecoptera","Systellognatha",,,"Chloroperlidae","Chloroperlinae",,,"Alaskaperla","ovibovis",,"larva",2,,1,33,3,"N","N","condition OK","Y",,"Stewart and Stark 2002; Merritt et al. 2019; Morse et al. 2017","N","Rhithron Associates, Inc.","B. Moore","Reference Collection(2)",
"09112327-1d2f-4f1d-bb69-ce37d540ef43","D18","OKSR","OKSR.AOS.reach","2019-08-12T23:02Z","2020-02-25","OKSR.20190812.KICKNET.1","A00000028770",,"OSTSP","Y","Ostracoda sp.",,"class","Arthropoda","Crustacea","Ostracoda",,,,,,,,,,,,,"sp.",,"none",1,,9,67,13,"N","N","condition OK","Y",,"Thorp and Rogers 2016","Y","Rhithron Associates, Inc.","S. Sullivan",,
"3a73174c-9f10-43ec-924f-70ce6a0edd50","D18","OKSR","OKSR.AOS.reach","2019-08-12T23:02Z","2020-02-25","OKSR.20190812.KICKNET.3","A00000027889",,"CRISP6","Y","Cricotopus/Orthocladius sp.",,"speciesGroup","Arthropoda","Hexapoda","Insecta","Pterygota","Neoptera","Holometabola","Diptera","Nematocera","Culicomorpha",,"Chironomidae","Orthocladiinae",,,"Cricotopus/Orthocladius","sp.",,"larva",3,,1,70,1,"Y","N","condition OK","N",,"Weiderholm, 1983; Weiderholm, 1986; Epler 2001; Ferrington et al. 2008; Andersen, Cranston and Epler 2013","Y","Rhithron Associates, Inc.","A. Fasbender",,
"68bc1ee4-5df5-483d-a37e-cdac0ccb202d","D18","OKSR","OKSR.AOS.reach","2019-08-12T23:02Z","2020-02-25","OKSR.20190812.SURBER.3","A00000028792",,"CINSP1","Y","Cinygmula sp.",,"genus","Arthropoda","Hexapoda","Insecta","Pterygota","Palaeoptera",,"Ephemeroptera","Pisciforma",,"Heptagenioidea","Heptageniidae",,,,"Cinygmula","sp.",,"larva",1,,1,100,1,"N","N","condition OK","Y",,"Merritt et al. 2019","N","Rhithron Associates, Inc.","B. Moore",,
"3328e8ad-d8dc-4120-aaab-a600f62225b0","D18","OKSR","OKSR.AOS.reach","2019-08-12T23:02Z","2020-02-26","OKSR.20190812.KICKNET.5","A00000027887",,"RHYMON1","Y","Rhyacophila mongolica",,"species","Arthropoda","Hexapoda","Insecta","Pterygota","Neoptera","Holometabola","Trichoptera",,,"Rhyacophiloidea","Rhyacophilidae",,,,"Rhyacophila","mongolica",,"larva",8,,2,33,6,"N","N","condition OK","Y",,"Prather and Morris 2001; Morse et al. 2017; Giersch et al. 2012","N","Rhithron Associates, Inc.","S. Sullivan",,
"c31a5211-2fd3-4a34-8254-0220f0367f5e","D18","OKSR","OKSR.AOS.reach","2019-08-12T23:02Z","2020-02-25","OKSR.20190812.KICKNET.4","A00000028774",,"HYDSP52","Y","Hydrosmittia sp.",,"genus","Arthropoda",,"Insecta","Pterygota","Neoptera",,"Diptera","Nematocera","Culicomorpha","Chironomoidea","Chironomidae","Orthocladiinae",,,"Hydrosmittia","sp.",,"larva",1,,17,33,52,"N","N","condition OK","Y",,"Weiderholm, 1983; Weiderholm, 1986; Epler 2001; Ferrington et al. 2019; Andersen, Cranston and Epler 2013","N","Rhithron Associates, Inc.","A. Fasbender",,
"a4bbc7b6-ea83-41fb-8e72-ca42d03590f5","D18","OKSR","OKSR.AOS.reach","2019-08-12T23:02Z","2020-02-25","OKSR.20190812.KICKNET.2","A00000027876",,"NEMSP7","Y","Nemoura sp.",,"genus","Arthropoda","Hexapoda","Insecta","Pterygota","Neoptera","Polyneoptera","Plecoptera","Euholognatha",,,"Nemouridae","Nemourinae",,,"Nemoura","sp.",,"larva",2,,86,100,86,"N","N","condition OK","Y",,"Stewart and Stark 2002; Merritt et al. 2019","N","Rhithron Associates, Inc.","B. Moore",,
"a52584b4-d8a9-4fe6-a118-aa6363f3b630","D18","OKSR","OKSR.AOS.reach","2019-08-12T23:02Z","2020-02-25","OKSR.20190812.SURBER.2","A00000028786",,"VALMER","Y","Valvata mergella",,"species","Mollusca",,"Gastropoda",,,,"Heterostropha",,,,"Valvatidae",,,,"Valvata","mergella",,"none",1,,1,100,1,"N","N","condition OK","Y",,"Burch 1989; Thorp and Rogers 2016","N","Rhithron Associates, Inc.","B. Moore",,
"f3dd033b-4d25-4d95-bddf-51e82320eda7","D18","OKSR","OKSR.AOS.reach","2019-08-12T23:02Z","2020-02-25","OKSR.20190812.KICKNET.3","A00000027889",,"POLSP13","Y","Polypedilum sp.",,"genus","Arthropoda","Hexapoda","Insecta","Pterygota","Neoptera","Holometabola","Diptera","Nematocera","Culicomorpha",,"Chironomidae","Chironominae","Chironomini",,"Polypedilum","sp.",,"larva",5,,1,70,1,"N","N","condition OK","Y",,"Weiderholm, 1983; Weiderholm, 1986; Epler 2001; Ferrington et al. 2008; Andersen, Cranston and Epler 2013","Y","Rhithron Associates, Inc.","A. Fasbender",,
"0645c419-c583-4fd7-b9ed-d481057d2ae7","D18","OKSR","OKSR.AOS.reach","2019-08-12T23:02Z","2020-02-25","OKSR.20190812.SURBER.2","A00000028786",,"ACELAP","Y","Acentrella lapponica",,"species","Arthropoda","Hexapoda","Insecta","Pterygota","Palaeoptera",,"Ephemeroptera","Pisciforma",,,"Baetidae",,,,"Acentrella","lapponica",,"larva",4,,4,100,4,"N","N","condition OK","Y",,"Jacobus and McCafferty 2006; McCafferty et al. 2009; Burian and Meyers 2011; Webb 2017; Alba-Tercedor and McCafferty 2000; Muller-Liebenau 1969","N","Rhithron Associates, Inc.","B. Moore",,
"3288563c-1ef3-4ab9-bec4-b86a68bd89d9","D18","OKSR","OKSR.AOS.reach","2019-08-12T23:02Z","2020-02-25","OKSR.20190812.KICKNET.3","A00000027889",,"PARSP34","Y","Paratanytarsus sp.",,"genus","Arthropoda","Hexapoda","Insecta","Pterygota","Neoptera","Holometabola","Diptera","Nematocera","Culicomorpha",,"Chironomidae","Chironominae","Tanytarsini",,"Paratanytarsus","sp.",,"larva",2,,1,70,1,"N","N","condition OK","Y",,"Weiderholm, 1983; Weiderholm, 1986; Epler 2001; Ferrington et al. 2019; Andersen, Cranston and Epler 2013","Y","Rhithron Associates, Inc.","A. Fasbender",,
"22ac25ab-2ec0-4723-b6c8-83cb9a9b9d56","D18","OKSR","OKSR.AOS.reach","2019-08-12T23:02Z","2020-02-25","OKSR.20190812.SURBER.1","A00000028809",,"STESP9","Y","Stempellina sp.",,"genus","Arthropoda","Hexapoda","Insecta","Pterygota","Neoptera","Holometabola","Diptera","Nematocera","Culicomorpha",,"Chironomidae","Chironominae","Tanytarsini",,"Stempellina","sp.",,"larva",1,,2,100,2,"N","N","condition OK","Y",,"Weiderholm, 1983; Weiderholm, 1986; Epler 2001; Ferrington et al. 2019; Andersen, Cranston and Epler 2013","N","Rhithron Associates, Inc.","A. Fasbender",,
"bef9a5fc-2fdb-455f-b088-0f4c00cb8303","D18","OKSR","OKSR.AOS.reach","2019-08-12T23:02Z","2020-02-25","OKSR.20190812.SURBER.2","A00000028786",,"TVESP","Y","Tvetenia sp.",,"genus","Arthropoda","Hexapoda","Insecta","Pterygota","Neoptera","Holometabola","Diptera","Nematocera","Culicomorpha",,"Chironomidae","Orthocladiinae",,,"Tvetenia","sp.",,"larva",5,,1,100,1,"N","N","condition OK","Y",,"Weiderholm, 1983; Weiderholm, 1986; Epler 2001; Ferrington et al. 2019; Andersen, Cranston and Epler 2013","N","Rhithron Associates, Inc.","A. Fasbender",,
"d36ca757-bba2-4f80-be29-75667d90db90","D18","OKSR","OKSR.AOS.reach","2019-08-12T23:02Z","2020-02-25","OKSR.20190812.KICKNET.4","A00000028774",,"RHESP2","Y","Rheotanytarsus sp.",,"genus","Arthropoda","Hexapoda","Insecta","Pterygota","Neoptera","Holometabola","Diptera","Nematocera","Culicomorpha",,"Chironomidae","Chironominae","Tanytarsini",,"Rheotanytarsus","sp.",,"larva",2,,1,33,3,"N","N","condition OK","Y",,"Weiderholm, 1983; Weiderholm, 1986; Epler 2001; Ferrington et al. 2019; Andersen, Cranston and Epler 2013","N","Rhithron Associates, Inc.","A. Fasbender",,
"83c2c35f-7383-45b7-b87a-0f3b79e30a39","D18","OKSR","OKSR.AOS.reach","2019-08-12T23:02Z","2020-02-25","OKSR.20190812.KICKNET.2","A00000027876",,"DICSP6","Y","Dicranota sp.",,"genus","Arthropoda","Hexapoda","Insecta","Pterygota","Neoptera","Holometabola","Diptera","Nematocera","Tipulomorpha",,"Tipulidae","Limoniinae","Pediciini",,"Dicranota","sp.",,"larva",3,,1,100,1,"N","N","condition OK","Y",,"Gelhaus and Podeniene 2018; Merritt et al. 2019","N","Rhithron Associates, Inc.","B. Moore",,
"e9e74916-c1e1-4e8c-9912-14924f85ea3e","D18","OKSR","OKSR.AOS.reach","2019-08-12T23:02Z","2020-02-25","OKSR.20190812.KICKNET.1","A00000028770",,"ORISP1","Y","Oribatida sp.",,"suborder","Arthropoda","Chelicerata","Arachnida","Acari",,"Acariformes","Sarcoptiformes","Oribatida",,,,,,,,"sp.",,"adult",1,,1,67,1,"N","N","condition OK","Y",,"Thorp and Rogers 2016","Y","Rhithron Associates, Inc.","S. Sullivan",,
"3630db57-7411-43f0-9583-81db6fd4a54d","D18","OKSR","OKSR.AOS.reach","2019-08-12T23:02Z","2020-02-25","OKSR.20190812.SURBER.3","A00000028792",,"HYDSP52","Y","Hydrosmittia sp.",,"genus","Arthropoda",,"Insecta","Pterygota","Neoptera",,"Diptera","Nematocera","Culicomorpha","Chironomoidea","Chironomidae","Orthocladiinae",,,"Hydrosmittia","sp.",,"larva",4,,8,100,8,"N","N","condition OK","Y",,"Weiderholm, 1983; Weiderholm, 1986; Epler 2001; Ferrington et al. 2019; Andersen, Cranston and Epler 2013","N","Rhithron Associates, Inc.","A. Fasbender",,
"939a3644-2440-4bd1-a928-855d5cfbf4c7","D18","OKSR","OKSR.AOS.reach","2019-08-12T23:02Z","2020-02-25","OKSR.20190812.KICKNET.4","A00000028774",,"TVESP","Y","Tvetenia sp.",,"genus","Arthropoda","Hexapoda","Insecta","Pterygota","Neoptera","Holometabola","Diptera","Nematocera","Culicomorpha",,"Chironomidae","Orthocladiinae",,,"Tvetenia","sp.",,"pupa",4,,1,33,3,"N","N","condition OK","N",,"Weiderholm, 1983; Weiderholm, 1986; Epler 2001; Ferrington et al. 2019; Andersen, Cranston and Epler 2013","N","Rhithron Associates, Inc.","A. Fasbender",,
"8dd047aa-2d66-497f-9bd7-930740296287","D18","OKSR","OKSR.AOS.reach","2019-08-12T23:02Z","2020-02-25","OKSR.20190812.SURBER.2","A00000028786",,"NEOSP30","Y","Neoplasta sp.",,"genus","Arthropoda","Hexapoda","Insecta","Pterygota","Neoptera","Holometabola","Diptera","Brachycera","Muscomorpha",,"Empididae","Hemerodromiinae","Hemerodromiini",,"Neoplasta","sp.",,"larva",3,,1,100,1,"N","N","condition OK","Y",,"Merritt et al. 2019","N","Rhithron Associates, Inc.","B. Moore",,
"7198a936-5d9f-4af2-a30a-57cc911f2499","D18","OKSR","OKSR.AOS.reach","2019-08-12T23:02Z","2020-02-25","OKSR.20190812.KICKNET.1","A00000028770",,"ORTSP3","Y","Orthocladius sp.",,"genus","Arthropoda","Hexapoda","Insecta","Pterygota","Neoptera","Holometabola","Diptera","Nematocera","Culicomorpha",,"Chironomidae","Orthocladiinae",,,"Orthocladius","sp.",,"pupa",4,,3,67,4,"N","N","condition OK","N",,"Weiderholm, 1983; Weiderholm, 1986; Epler 2001; Ferrington et al. 2019; Andersen, Cranston and Epler 2013","Y","Rhithron Associates, Inc.","R. Spring",,
"765ca4ed-ab3e-43f3-a1ec-f4530c3e1ffe","D18","OKSR","OKSR.AOS.reach","2019-08-12T23:02Z","2020-02-25","OKSR.20190812.KICKNET.4","A00000028774",,"CLISP1","Y","Clinocerinae sp.",,"subfamily","Arthropoda","Hexapoda","Insecta","Pterygota","Neoptera","Holometabola","Diptera","Brachycera","Muscomorpha",,"Empididae","Clinocerinae",,,,"sp.",,"larva",1,,3,33,9,"Y","N","condition OK","Y",,"Merritt et al. 2019","N","Rhithron Associates, Inc.","B. Moore",,
"9561d4df-7cca-4f5d-b66c-c62bec33ff41","D18","OKSR","OKSR.AOS.reach","2019-08-12T23:02Z","2020-02-25","OKSR.20190812.SURBER.3","A00000028792",,"EUKGRA","Y","Eukiefferiella gracei gr.",,"speciesGroup","Arthropoda","Hexapoda","Insecta","Pterygota","Neoptera","Holometabola","Diptera","Nematocera","Culicomorpha",,"Chironomidae","Orthocladiinae",,,"Eukiefferiella","gracei gr.",,"larva",3,,1,100,1,"N","N","condition OK","Y",,"Weiderholm, 1983; Bode, 1983; Weiderholm, 1986; Epler 2001; Ferrington et al. 2019; Andersen, Cranston and Epler 2013","N","Rhithron Associates, Inc.","A. Fasbender",,
"5603dd93-b8fd-4048-970c-2c6a765f9ada","D18","OKSR","OKSR.AOS.reach","2019-08-12T23:02Z","2020-02-25","OKSR.20190812.KICKNET.5","A00000027887",,"LIMSP23","Y","Limnophyes sp.",,"genus","Arthropoda","Hexapoda","Insecta","Pterygota","Neoptera","Holometabola","Diptera","Nematocera","Culicomorpha",,"Chironomidae","Orthocladiinae",,,"Limnophyes","sp.",,"larva",2,,3,33,9,"N","N","condition OK","Y",,"Weiderholm, 1983; Weiderholm, 1986; Epler 2001; Ferrington et al. 2019; Andersen, Cranston and Epler 2013","N","Rhithron Associates, Inc.","A. Fasbender",,
"12aa985b-6230-4401-bad3-b86fef8d9a02","D18","OKSR","OKSR.AOS.reach","2019-08-12T23:02Z","2020-02-25","OKSR.20190812.KICKNET.1","A00000028770",,"TVESP","Y","Tvetenia sp.",,"genus","Arthropoda","Hexapoda","Insecta","Pterygota","Neoptera","Holometabola","Diptera","Nematocera","Culicomorpha",,"Chironomidae","Orthocladiinae",,,"Tvetenia","sp.",,"pupa",3,,1,67,1,"N","N","condition OK","N",,"Weiderholm, 1983; Weiderholm, 1986; Epler 2001; Ferrington et al. 2019; Andersen, Cranston and Epler 2013","Y","Rhithron Associates, Inc.","R. Spring",,
"d1b29b7b-639e-41cb-b3b6-e8adeec817cf","D18","OKSR","OKSR.AOS.reach","2019-08-12T23:02Z","2020-02-25","OKSR.20190812.SURBER.2","A00000028786",,"LUMSP2","Y","Lumbriculidae sp.",,"family","Annelida","Clitellata","Oligochaeta","Oligochaeta",,,"Lumbriculida",,,,"Lumbriculidae",,,,,"sp.",,"none",20,,1,100,1,"Y","N","condition OK","Y",,"Kathman and Brinkhurst, 1999","N","Rhithron Associates, Inc.","J. Webb","w/proboscis",
"6d7e850d-7d3b-49cf-a11c-2b2cc40d23b1","D18","OKSR","OKSR.AOS.reach","2019-08-12T23:02Z","2020-02-25","OKSR.20190812.KICKNET.2","A00000027876",,"PARSP34","Y","Paratanytarsus sp.",,"genus","Arthropoda","Hexapoda","Insecta","Pterygota","Neoptera","Holometabola","Diptera","Nematocera","Culicomorpha",,"Chironomidae","Chironominae","Tanytarsini",,"Paratanytarsus","sp.",,"larva",3,,1,100,1,"N","N","condition OK","Y",,"Weiderholm, 1983; Weiderholm, 1986; Epler 2001; Ferrington et al. 2019; Andersen, Cranston and Epler 2013","N","Rhithron Associates, Inc.","R. Spring",,
"c212a4bb-3a2f-445a-90a1-b7e765e008f0","D18","OKSR","OKSR.AOS.reach","2019-08-12T23:02Z","2020-02-25","OKSR.20190812.KICKNET.5","A00000027887",,"THIGRO","Y","Thienemannimyia gr.",,"speciesGroup","Arthropoda","Hexapoda","Insecta","Pterygota","Neoptera","Holometabola","Diptera","Nematocera","Culicomorpha",,"Chironomidae","Tanypodinae","Pentaneurini",,"Thienemannimyia","gr.",,"larva",4,,3,33,9,"Y","N","condition OK","Y",,"Weiderholm, 1983; Weiderholm, 1986; Epler 2001; Ferrington et al. 2008; Andersen, Cranston and Epler 2017","N","Rhithron Associates, Inc.","A. Fasbender",,
"66bd35e9-6ee7-4a2f-af9e-970e77af3b38","D18","OKSR","OKSR.AOS.reach","2019-08-12T23:02Z","2020-02-25","OKSR.20190812.KICKNET.3","A00000027889",,"KRESP1","Y","Krenosmittia sp.",,"genus","Arthropoda","Hexapoda","Insecta","Pterygota","Neoptera","Holometabola","Diptera","Nematocera","Culicomorpha",,"Chironomidae","Orthocladiinae",,,"Krenosmittia","sp.",,"larva",3,,1,70,1,"N","N","condition OK","Y",,"Weiderholm, 1983; Weiderholm, 1986; Epler 2001; Ferrington et al. 2019; Andersen, Cranston and Epler 2013","Y","Rhithron Associates, Inc.","A. Fasbender",,
"ad55209f-9c79-412c-ab0c-0b2236723fab","D18","OKSR","OKSR.AOS.reach","2019-08-12T23:02Z","2020-02-25","OKSR.20190812.KICKNET.4","A00000028774",,"HYDSP52","Y","Hydrosmittia sp.",,"genus","Arthropoda",,"Insecta","Pterygota","Neoptera",,"Diptera","Nematocera","Culicomorpha","Chironomoidea","Chironomidae","Orthocladiinae",,,"Hydrosmittia","sp.",,"larva",4,,5,33,15,"N","N","condition OK","Y",,"Weiderholm, 1983; Weiderholm, 1986; Epler 2001; Ferrington et al. 2019; Andersen, Cranston and Epler 2013","N","Rhithron Associates, Inc.","A. Fasbender",,
"75e8bd07-bcb6-44c8-a9bf-e22fa7690469","D18","OKSR","OKSR.AOS.reach","2019-08-12T23:02Z","2020-02-25","OKSR.20190812.SURBER.2","A00000028786",,"LIMSP23","Y","Limnophyes sp.",,"genus","Arthropoda","Hexapoda","Insecta","Pterygota","Neoptera","Holometabola","Diptera","Nematocera","Culicomorpha",,"Chironomidae","Orthocladiinae",,,"Limnophyes","sp.",,"larva",4,,1,100,1,"N","N","condition OK","Y",,"Weiderholm, 1983; Weiderholm, 1986; Epler 2001; Ferrington et al. 2019; Andersen, Cranston and Epler 2013","N","Rhithron Associates, Inc.","A. Fasbender",,
"d6d8f30b-afd5-4ba6-b071-8dc556591d20","D18","OKSR","OKSR.AOS.reach","2019-08-12T23:02Z","2020-02-25","OKSR.20190812.KICKNET.1","A00000028770",,"TANSP11","Y","Tanytarsus sp.",,"genus","Arthropoda","Hexapoda","Insecta","Pterygota","Neoptera","Holometabola","Diptera","Nematocera","Culicomorpha",,"Chironomidae","Chironominae","Tanytarsini",,"Tanytarsus","sp.",,"larva",3,,2,67,3,"N","N","condition OK","Y",,"Weiderholm, 1983; Weiderholm, 1986; Epler 2001; Ferrington et al. 2019; Andersen, Cranston and Epler 2013","Y","Rhithron Associates, Inc.","R. Spring",,
"8cfbd547-59bb-48e7-bead-70cd7e9656d4","D18","OKSR","OKSR.AOS.reach","2019-08-12T23:02Z","2020-02-25","OKSR.20190812.KICKNET.1","A00000028770",,"CLASP6","Y","Cladotanytarsus sp.",,"genus","Arthropoda","Hexapoda","Insecta","Pterygota","Neoptera","Holometabola","Diptera","Nematocera","Culicomorpha",,"Chironomidae","Chironominae","Tanytarsini",,"Cladotanytarsus","sp.",,"larva",4,,5,67,7,"N","N","condition OK","Y",,"Weiderholm, 1983; Weiderholm, 1986; Epler 2001; Ferrington et al. 2019; Andersen, Cranston and Epler 2013","Y","Rhithron Associates, Inc.","R. Spring",,
"e95e981b-dc8d-4c66-8e1e-1b173b7400e3","D18","OKSR","OKSR.AOS.reach","2019-08-12T23:02Z","2020-02-25","OKSR.20190812.KICKNET.3","A00000027889",,"ENCSP1","Y","Enchytraeidae sp.",,"family","Annelida","Clitellata","Oligochaeta","Oligochaeta",,,"Enchytraeida",,,,"Enchytraeidae",,,,,"sp.",,"none",6,,1,70,1,"N","N","condition OK","Y",,"Kathman and Brinkhurst, 1999","Y","Rhithron Associates, Inc.","J. Webb","Cernosvitoviella and Henlea?",
"7b1ca11e-41df-4b75-bf96-5da1ac3fde3f","D18","OKSR","OKSR.AOS.reach","2019-08-12T23:02Z","2020-02-25","OKSR.20190812.KICKNET.5","A00000027887",,"ORTSP3","Y","Orthocladius sp.",,"genus","Arthropoda","Hexapoda","Insecta","Pterygota","Neoptera","Holometabola","Diptera","Nematocera","Culicomorpha",,"Chironomidae","Orthocladiinae",,,"Orthocladius","sp.",,"larva",5,,1,33,3,"N","N","condition OK","Y",,"Weiderholm, 1983; Weiderholm, 1986; Epler 2001; Ferrington et al. 2019; Andersen, Cranston and Epler 2013","N","Rhithron Associates, Inc.","A. Fasbender",,
"89d8f527-f8d1-4c7a-8c3d-021024709d44","D18","OKSR","OKSR.AOS.reach","2019-08-12T23:02Z","2020-02-25","OKSR.20190812.SURBER.3","A00000028792",,"CRISP6","Y","Cricotopus/Orthocladius sp.",,"speciesGroup","Arthropoda","Hexapoda","Insecta","Pterygota","Neoptera","Holometabola","Diptera","Nematocera","Culicomorpha",,"Chironomidae","Orthocladiinae",,,"Cricotopus/Orthocladius","sp.",,"larva",5,,1,100,1,"Y","N","condition OK","N",,"Weiderholm, 1983; Weiderholm, 1986; Epler 2001; Ferrington et al. 2008; Andersen, Cranston and Epler 2013","N","Rhithron Associates, Inc.","A. Fasbender",,
"4eaf6150-8e93-4506-99d1-764f7f0f3e6e","D18","OKSR","OKSR.AOS.reach","2019-08-12T23:02Z","2020-02-25","OKSR.20190812.KICKNET.3","A00000027889",,"THIGRO","Y","Thienemannimyia gr.",,"speciesGroup","Arthropoda","Hexapoda","Insecta","Pterygota","Neoptera","Holometabola","Diptera","Nematocera","Culicomorpha",,"Chironomidae","Tanypodinae","Pentaneurini",,"Thienemannimyia","gr.",,"larva",2,,2,70,3,"Y","N","condition OK","Y",,"Weiderholm, 1983; Weiderholm, 1986; Epler 2001; Ferrington et al. 2008; Andersen, Cranston and Epler 2017","Y","Rhithron Associates, Inc.","A. Fasbender",,
"bb0a4501-a6c6-46ff-b2d0-6e552c756a98","D18","OKSR","OKSR.AOS.reach","2019-08-12T23:02Z","2020-02-25","OKSR.20190812.KICKNET.3","A00000027889",,"CRISP6","Y","Cricotopus/Orthocladius sp.",,"speciesGroup","Arthropoda","Hexapoda","Insecta","Pterygota","Neoptera","Holometabola","Diptera","Nematocera","Culicomorpha",,"Chironomidae","Orthocladiinae",,,"Cricotopus/Orthocladius","sp.",,"larva",2,,1,70,1,"Y","N","condition OK","N",,"Weiderholm, 1983; Weiderholm, 1986; Epler 2001; Ferrington et al. 2008; Andersen, Cranston and Epler 2013","Y","Rhithron Associates, Inc.","A. Fasbender",,
"34bf5378-e75e-40b2-a0e2-f167076fdcd3","D18","OKSR","OKSR.AOS.reach","2019-08-12T23:02Z","2020-02-25","OKSR.20190812.KICKNET.4","A00000028774",,"THISP2","Y","Thienemanniella sp.",,"genus","Arthropoda","Hexapoda","Insecta","Pterygota","Neoptera","Holometabola","Diptera","Nematocera","Culicomorpha",,"Chironomidae","Orthocladiinae",,,"Thienemanniella","sp.",,"larva",1,,1,33,3,"N","N","condition OK","Y",,"Weiderholm, 1983; Weiderholm, 1986; Epler 2001; Ferrington et al. 2019; Andersen, Cranston and Epler 2013","N","Rhithron Associates, Inc.","A. Fasbender",,
"e31de531-8adf-49ed-a8b9-1dbf0288d4a9","D18","OKSR","OKSR.AOS.reach","2019-08-12T23:02Z","2020-02-25","OKSR.20190812.KICKNET.2","A00000027876",,"CLASP6","Y","Cladotanytarsus sp.",,"genus","Arthropoda","Hexapoda","Insecta","Pterygota","Neoptera","Holometabola","Diptera","Nematocera","Culicomorpha",,"Chironomidae","Chironominae","Tanytarsini",,"Cladotanytarsus","sp.",,"larva",2,,16,100,16,"N","N","condition OK","Y",,"Weiderholm, 1983; Weiderholm, 1986; Epler 2001; Ferrington et al. 2019; Andersen, Cranston and Epler 2013","N","Rhithron Associates, Inc.","R. Spring",,
"55bf0c4a-1a38-4417-970e-41b9bd75bfe2","D18","OKSR","OKSR.AOS.reach","2019-08-12T23:02Z","2020-02-25","OKSR.20190812.SURBER.1","A00000028809",,"CLASP6","Y","Cladotanytarsus sp.",,"genus","Arthropoda","Hexapoda","Insecta","Pterygota","Neoptera","Holometabola","Diptera","Nematocera","Culicomorpha",,"Chironomidae","Chironominae","Tanytarsini",,"Cladotanytarsus","sp.",,"larva",3,,9,100,9,"N","N","condition OK","Y",,"Weiderholm, 1983; Weiderholm, 1986; Epler 2001; Ferrington et al. 2019; Andersen, Cranston and Epler 2013","N","Rhithron Associates, Inc.","A. Fasbender",,
"48c218ff-5a6c-4387-bbac-3a0f4eabee1b","D18","OKSR","OKSR.AOS.reach","2019-08-12T23:02Z","2020-02-25","OKSR.20190812.KICKNET.3","A00000027889",,"ORTSP3","Y","Orthocladius sp.",,"genus","Arthropoda","Hexapoda","Insecta","Pterygota","Neoptera","Holometabola","Diptera","Nematocera","Culicomorpha",,"Chironomidae","Orthocladiinae",,,"Orthocladius","sp.",,"larva",5,,1,70,1,"N","N","condition OK","Y",,"Weiderholm, 1983; Weiderholm, 1986; Epler 2001; Ferrington et al. 2019; Andersen, Cranston and Epler 2013","Y","Rhithron Associates, Inc.","A. Fasbender",,
"9c92b64e-cf7e-4a5d-8813-d5ac9c5cbd98","D18","OKSR","OKSR.AOS.reach","2019-08-12T23:02Z","2020-02-25","OKSR.20190812.KICKNET.1","A00000028770",,"CLASP6","Y","Cladotanytarsus sp.",,"genus","Arthropoda","Hexapoda","Insecta","Pterygota","Neoptera","Holometabola","Diptera","Nematocera","Culicomorpha",,"Chironomidae","Chironominae","Tanytarsini",,"Cladotanytarsus","sp.",,"larva",1,,10,67,15,"N","N","condition OK","Y",,"Weiderholm, 1983; Weiderholm, 1986; Epler 2001; Ferrington et al. 2019; Andersen, Cranston and Epler 2013","Y","Rhithron Associates, Inc.","R. Spring",,
"8ec93dd3-9c87-4cf2-b382-e78d24755e09","D18","OKSR","OKSR.AOS.reach","2019-08-12T23:02Z","2020-02-25","OKSR.20190812.SURBER.2","A00000028786",,"NEMSP7","Y","Nemoura sp.",,"genus","Arthropoda","Hexapoda","Insecta","Pterygota","Neoptera","Polyneoptera","Plecoptera","Euholognatha",,,"Nemouridae","Nemourinae",,,"Nemoura","sp.",,"larva",5,,2,100,2,"N","N","condition OK","Y",,"Stewart and Stark 2002; Merritt et al. 2019","N","Rhithron Associates, Inc.","B. Moore",,
"cc801f24-83f4-4e33-ad49-6747ba8970df","D18","OKSR","OKSR.AOS.reach","2019-08-12T23:02Z","2020-02-25","OKSR.20190812.KICKNET.2","A00000027876",,"NEMSP7","Y","Nemoura sp.",,"genus","Arthropoda","Hexapoda","Insecta","Pterygota","Neoptera","Polyneoptera","Plecoptera","Euholognatha",,,"Nemouridae","Nemourinae",,,"Nemoura","sp.",,"larva",4,,3,100,3,"N","N","condition OK","Y",,"Stewart and Stark 2002; Merritt et al. 2019","N","Rhithron Associates, Inc.","B. Moore",,
"d990d8d2-83db-46a1-8f70-42bbb179aa71","D18","OKSR","OKSR.AOS.reach","2019-08-12T23:02Z","2020-02-25","OKSR.20190812.KICKNET.3","A00000027889",,"THIGRO","Y","Thienemannimyia gr.",,"speciesGroup","Arthropoda","Hexapoda","Insecta","Pterygota","Neoptera","Holometabola","Diptera","Nematocera","Culicomorpha",,"Chironomidae","Tanypodinae","Pentaneurini",,"Thienemannimyia","gr.",,"larva",4,,3,70,4,"Y","N","condition OK","Y",,"Weiderholm, 1983; Weiderholm, 1986; Epler 2001; Ferrington et al. 2008; Andersen, Cranston and Epler 2017","Y","Rhithron Associates, Inc.","A. Fasbender",,
"4a8cf83e-8019-4613-91a8-b26c8b337250","D18","OKSR","OKSR.AOS.reach","2019-08-12T23:02Z","2020-02-25","OKSR.20190812.KICKNET.2","A00000027876",,"ORTSP3","Y","Orthocladius sp.",,"genus","Arthropoda","Hexapoda","Insecta","Pterygota","Neoptera","Holometabola","Diptera","Nematocera","Culicomorpha",,"Chironomidae","Orthocladiinae",,,"Orthocladius","sp.",,"larva",7,,3,100,3,"N","N","condition OK","Y",,"Weiderholm, 1983; Weiderholm, 1986; Epler 2001; Ferrington et al. 2019; Andersen, Cranston and Epler 2013","N","Rhithron Associates, Inc.","R. Spring",,
"8cb2ad85-7c2c-4c3b-9708-56df33e2202d","D18","OKSR","OKSR.AOS.reach","2019-08-12T23:02Z","2020-02-25","OKSR.20190812.SURBER.2","A00000028786",,"KRESP1","Y","Krenosmittia sp.",,"genus","Arthropoda","Hexapoda","Insecta","Pterygota","Neoptera","Holometabola","Diptera","Nematocera","Culicomorpha",,"Chironomidae","Orthocladiinae",,,"Krenosmittia","sp.",,"larva",3,,2,100,2,"N","N","condition OK","Y",,"Weiderholm, 1983; Weiderholm, 1986; Epler 2001; Ferrington et al. 2019; Andersen, Cranston and Epler 2013","N","Rhithron Associates, Inc.","A. Fasbender",,
"f3d54736-e6ff-4129-b069-6c23a8ccc36c","D18","OKSR","OKSR.AOS.reach","2019-08-12T23:02Z","2020-02-26","OKSR.20190812.KICKNET.3","A00000027889",,"NEOSP30","Y","Neoplasta sp.",,"genus","Arthropoda","Hexapoda","Insecta","Pterygota","Neoptera","Holometabola","Diptera","Brachycera","Muscomorpha",,"Empididae","Hemerodromiinae","Hemerodromiini",,"Neoplasta","sp.",,"larva",3,,1,70,1,"N","N","condition OK","Y",,"Merritt et al. 2019","Y","Rhithron Associates, Inc.","B. Moore",,
"d3e39ba7-af3c-409e-9046-9ca26d25c713","D18","OKSR","OKSR.AOS.reach","2019-08-12T23:02Z","2020-02-25","OKSR.20190812.KICKNET.3","A00000027889",,"KRESP1","Y","Krenosmittia sp.",,"genus","Arthropoda","Hexapoda","Insecta","Pterygota","Neoptera","Holometabola","Diptera","Nematocera","Culicomorpha",,"Chironomidae","Orthocladiinae",,,"Krenosmittia","sp.",,"larva",2,,4,70,6,"N","N","condition OK","Y",,"Weiderholm, 1983; Weiderholm, 1986; Epler 2001; Ferrington et al. 2019; Andersen, Cranston and Epler 2013","Y","Rhithron Associates, Inc.","A. Fasbender",,
"01173a24-f3d3-4f9d-8f89-ccb91df53f08","D18","OKSR","OKSR.AOS.reach","2019-08-12T23:02Z","2020-02-25","OKSR.20190812.SURBER.3","A00000028792",,"CRISP2","Y","Cricotopus sp.",,"genus","Arthropoda","Hexapoda","Insecta","Pterygota","Neoptera","Holometabola","Diptera","Nematocera","Culicomorpha",,"Chironomidae","Orthocladiinae",,,"Cricotopus","sp.",,"larva",3,,1,100,1,"N","N","condition OK","Y",,"Weiderholm, 1983; Weiderholm, 1986; Epler 2001; Ferrington et al. 2019; Andersen, Cranston and Epler 2013","N","Rhithron Associates, Inc.","A. Fasbender",,
"65fd9d3e-e418-4940-866f-b73ae4bf6206","D18","OKSR","OKSR.AOS.reach","2019-08-12T23:02Z","2020-02-25","OKSR.20190812.KICKNET.3","A00000027889",,"CLASP6","Y","Cladotanytarsus sp.",,"genus","Arthropoda","Hexapoda","Insecta","Pterygota","Neoptera","Holometabola","Diptera","Nematocera","Culicomorpha",,"Chironomidae","Chironominae","Tanytarsini",,"Cladotanytarsus","sp.",,"larva",2,,15,70,21,"N","N","condition OK","Y",,"Weiderholm, 1983; Weiderholm, 1986; Epler 2001; Ferrington et al. 2019; Andersen, Cranston and Epler 2013","Y","Rhithron Associates, Inc.","A. Fasbender",,
"4cc7dc1e-6f06-412a-b5b0-1939f295e443","D18","OKSR","OKSR.AOS.reach","2019-08-12T23:02Z","2020-02-25","OKSR.20190812.KICKNET.5","A00000027887",,"NEOSP32","Y","Neozavrelia sp.",,"genus","Arthropoda","Hexapoda","Insecta","Pterygota","Neoptera","Holometabola","Diptera","Nematocera","Culicomorpha",,"Chironomidae","Orthocladiinae","Tanytarsini",,"Neozavrelia","sp.",,"larva",2,,66,33,200,"N","N","condition OK","Y",,"Weiderholm, 1983; Weiderholm, 1986; Epler 2001; Ferrington et al. 2019; Andersen, Cranston and Epler 2013","N","Rhithron Associates, Inc.","A. Fasbender",,
"4f742f88-84fd-4be1-8196-453ed279eb96","D18","OKSR","OKSR.AOS.reach","2019-08-12T23:02Z","2020-02-26","OKSR.20190812.KICKNET.5","A00000027887",,"RHYSP3","Y","Rhyacophila sp.",,"genus","Arthropoda","Hexapoda","Insecta","Pterygota","Neoptera","Holometabola","Trichoptera",,,"Rhyacophiloidea","Rhyacophilidae",,,,"Rhyacophila","sp.",,"larva",2,,8,33,24,"Y","N","condition OK","N",,"Prather and Morris 2001; Morse et al. 2017; Giersch et al. 2012","N","Rhithron Associates, Inc.","S. Sullivan",,
"52668e63-6da3-4b1a-9b78-a8ff282e07f8","D18","OKSR","OKSR.AOS.reach","2019-08-12T23:02Z","2020-02-25","OKSR.20190812.KICKNET.4","A00000028774",,"LUMSP2","Y","Lumbriculidae sp.",,"family","Annelida","Clitellata","Oligochaeta","Oligochaeta",,,"Lumbriculida",,,,"Lumbriculidae",,,,,"sp.",,"none",6,,3,33,9,"Y","N","condition OK","Y",,"Kathman and Brinkhurst, 1999","N","Rhithron Associates, Inc.","J. Webb","w/proboscis",
"ea150399-0890-474a-9466-1973c004832c","D18","OKSR","OKSR.AOS.reach","2019-08-12T23:02Z","2020-02-25","OKSR.20190812.KICKNET.2","A00000027876",,"LEBSP1","Y","Lebertia sp.",,"genus","Arthropoda","Chelicerata","Arachnida","Acari",,"Acariformes","Trombidiformes","Prostigmata",,"Lebertioidea","Lebertiidae",,,,"Lebertia","sp.",,"adult",1,,3,100,3,"N","N","condition OK","Y",,"Thorp and Rogers 2016","N","Rhithron Associates, Inc.","B. Moore",,
"34fe218a-4988-4f88-9057-7ecd2026e8e1","D18","OKSR","OKSR.AOS.reach","2019-08-12T23:02Z","2020-02-25","OKSR.20190812.KICKNET.3","A00000027889",,"ORTSP3","Y","Orthocladius sp.",,"genus","Arthropoda","Hexapoda","Insecta","Pterygota","Neoptera","Holometabola","Diptera","Nematocera","Culicomorpha",,"Chironomidae","Orthocladiinae",,,"Orthocladius","sp.",,"larva",1,,2,70,3,"N","N","condition OK","Y",,"Weiderholm, 1983; Weiderholm, 1986; Epler 2001; Ferrington et al. 2019; Andersen, Cranston and Epler 2013","Y","Rhithron Associates, Inc.","A. Fasbender",,
"a976d8d9-b0a4-4c2d-9ed4-9a9dd88be745","D18","OKSR","OKSR.AOS.reach","2019-08-12T23:02Z","2020-02-25","OKSR.20190812.KICKNET.1","A00000028770",,"HYGSP2","Y","Hygrobates sp.",,"genus","Arthropoda","Chelicerata","Arachnida","Acari",,"Acariformes","Trombidiformes","Prostigmata",,"Hygrobatoidea","Hygrobatidae",,,,"Hygrobates","sp.",,"adult",1,,7,67,10,"N","N","condition OK","Y",,"Thorp and Rogers 2016","Y","Rhithron Associates, Inc.","S. Sullivan",,
"c7773d02-53ba-408a-be76-c20a4b61226e","D18","OKSR","OKSR.AOS.reach","2019-08-12T23:02Z","2020-02-25","OKSR.20190812.KICKNET.3","A00000027889",,"LIMSP23","Y","Limnophyes sp.",,"genus","Arthropoda","Hexapoda","Insecta","Pterygota","Neoptera","Holometabola","Diptera","Nematocera","Culicomorpha",,"Chironomidae","Orthocladiinae",,,"Limnophyes","sp.",,"larva",3,,1,70,1,"N","N","condition OK","Y",,"Weiderholm, 1983; Weiderholm, 1986; Epler 2001; Ferrington et al. 2019; Andersen, Cranston and Epler 2013","Y","Rhithron Associates, Inc.","A. Fasbender",,
"7944fdad-8375-47be-9995-dafbfda7d93a","D18","OKSR","OKSR.AOS.reach","2019-08-12T23:02Z","2020-02-25","OKSR.20190812.KICKNET.2","A00000027876",,"OSTSP","Y","Ostracoda sp.",,"class","Arthropoda","Crustacea","Ostracoda",,,,,,,,,,,,,"sp.",,"none",1,,13,100,13,"N","N","condition OK","Y",,"Thorp and Rogers 2016","N","Rhithron Associates, Inc.","B. Moore",,
"9b08bd61-43c0-49f2-a8ef-83a7517b5dc9","D18","OKSR","OKSR.AOS.reach","2019-08-12T23:02Z","2020-02-25","OKSR.20190812.KICKNET.2","A00000027876",,"BRAAME","Y","Brachycentrus americanus",,"species","Arthropoda","Hexapoda","Insecta","Pterygota","Neoptera","Holometabola","Trichoptera",,,"Limnephiloidea","Brachycentridae",,,,"Brachycentrus","americanus",,"larva",2,,1,100,1,"N","N","condition OK","Y",,"Flint 1984","N","Rhithron Associates, Inc.","B. Moore",,
"b20774aa-cb14-4f7e-80d6-0da85fe77941","D18","OKSR","OKSR.AOS.reach","2019-08-12T23:02Z","2020-02-25","OKSR.20190812.KICKNET.5","A00000027887",,"HYDSP52","Y","Hydrosmittia sp.",,"genus","Arthropoda",,"Insecta","Pterygota","Neoptera",,"Diptera","Nematocera","Culicomorpha","Chironomoidea","Chironomidae","Orthocladiinae",,,"Hydrosmittia","sp.",,"larva",2,,2,33,6,"N","N","condition OK","Y",,"Weiderholm, 1983; Weiderholm, 1986; Epler 2001; Ferrington et al. 2019; Andersen, Cranston and Epler 2013","N","Rhithron Associates, Inc.","A. Fasbender",,
"89c52fb1-348f-4f0e-9925-4484cb0be7a4","D18","OKSR","OKSR.AOS.reach","2019-08-12T23:02Z","2020-02-25","OKSR.20190812.KICKNET.4","A00000028774",,"NAICOM","Y","Nais communis/variabilis",,"speciesGroup","Annelida","Clitellata","Oligochaeta","Oligochaeta",,,"Tubificida",,,,"Naididae","Naidinae",,,"Nais","communis/variabilis",,"none",4,,2,33,6,"Y","N","condition OK","Y",,"Kathman and Brinkhurst, 1999","N","Rhithron Associates, Inc.","J. Webb",,
"8282602c-a404-4389-9864-e42c65b12d4c","D18","OKSR","OKSR.AOS.reach","2019-08-12T23:02Z","2020-02-25","OKSR.20190812.KICKNET.2","A00000027876",,"VALMER","Y","Valvata mergella",,"species","Mollusca",,"Gastropoda",,,,"Heterostropha",,,,"Valvatidae",,,,"Valvata","mergella",,"none",4,,2,100,2,"N","N","condition OK","Y",,"Burch 1989; Thorp and Rogers 2016","N","Rhithron Associates, Inc.","B. Moore",,
"c61492cc-b108-49e1-892e-fcc3b6e08dcd","D18","OKSR","OKSR.AOS.reach","2019-08-12T23:02Z","2020-02-25","OKSR.20190812.KICKNET.2","A00000027876",,"ATRSP3","Y","Atractides sp.",,"genus","Arthropoda","Chelicerata","Arachnida","Acari",,"Acariformes","Trombidiformes","Prostigmata",,"Hygrobatoidea","Hygrobatidae",,,,"Atractides","sp.",,"adult",1,,1,100,1,"N","N","condition OK","Y",,"Thorp and Rogers 2016","N","Rhithron Associates, Inc.","B. Moore",,
"be217be8-e197-4012-bfe2-cb69a6d19662","D18","OKSR","OKSR.AOS.reach","2019-08-12T23:02Z","2020-02-25","OKSR.20190812.KICKNET.4","A00000028774",,"LUMSP2","Y","Lumbriculidae sp.",,"family","Annelida","Clitellata","Oligochaeta","Oligochaeta",,,"Lumbriculida",,,,"Lumbriculidae",,,,,"sp.",,"none",10,,2,33,6,"Y","N","condition OK","Y",,"Kathman and Brinkhurst, 1999","N","Rhithron Associates, Inc.","J. Webb","w/proboscis",
"9099e1ef-6998-40e0-8bd5-e5aca36aaf99","D18","OKSR","OKSR.AOS.reach","2019-08-12T23:02Z","2020-02-26","OKSR.20190812.KICKNET.3","A00000027889",,"CINSP1","Y","Cinygmula sp.",,"genus","Arthropoda","Hexapoda","Insecta","Pterygota","Palaeoptera",,"Ephemeroptera","Pisciforma",,"Heptagenioidea","Heptageniidae",,,,"Cinygmula","sp.",,"larva",2,,1,70,1,"N","N","condition OK","Y",,"Merritt et al. 2019","Y","Rhithron Associates, Inc.","B. Moore",,
"7c7ae41c-257d-4dc1-a193-fe2aade69a1d","D18","OKSR","OKSR.AOS.reach","2019-08-12T23:02Z","2020-02-25","OKSR.20190812.SURBER.2","A00000028786",,"NAISP","Y","Naididae sp.",,"family","Annelida","Clitellata","Oligochaeta","Oligochaeta",,,"Tubificida",,,,"Naididae",,,,,"sp.",,"none",4,,1,100,1,"Y","N","condition OK","Y",,"Kathman and Brinkhurst, 1999","N","Rhithron Associates, Inc.","J. Webb","w/o hc",
"be7f0f28-9aa3-4bb4-8c09-630443300b3c","D18","OKSR","OKSR.AOS.reach","2019-08-12T23:02Z","2020-02-25","OKSR.20190812.SURBER.1","A00000028809",,"LIMSP23","Y","Limnophyes sp.",,"genus","Arthropoda","Hexapoda","Insecta","Pterygota","Neoptera","Holometabola","Diptera","Nematocera","Culicomorpha",,"Chironomidae","Orthocladiinae",,,"Limnophyes","sp.",,"larva",1,,1,100,1,"N","N","condition OK","Y",,"Weiderholm, 1983; Weiderholm, 1986; Epler 2001; Ferrington et al. 2019; Andersen, Cranston and Epler 2013","N","Rhithron Associates, Inc.","A. Fasbender",,
"7b41f7b4-c469-47c7-b577-e9e59e9b98b8","D18","OKSR","OKSR.AOS.reach","2019-08-12T23:02Z","2020-02-26","OKSR.20190812.KICKNET.3","A00000027889",,"TIPSP3","Y","Tipula sp.",,"genus","Arthropoda","Hexapoda","Insecta","Pterygota","Neoptera","Holometabola","Diptera","Nematocera","Tipulomorpha",,"Tipulidae","Tipulinae",,,"Tipula","sp.",,"larva",8,,10,70,14,"N","N","condition OK","Y",,"Gelhaus and Podeniene 2018; Merritt et al. 2019","Y","Rhithron Associates, Inc.","B. Moore",,
"9b3952f1-c16d-4692-a3de-6651aabc2261","D18","OKSR","OKSR.AOS.reach","2019-08-12T23:02Z","2020-02-25","OKSR.20190812.KICKNET.2","A00000027876",,"TIPSP3","Y","Tipula sp.",,"genus","Arthropoda","Hexapoda","Insecta","Pterygota","Neoptera","Holometabola","Diptera","Nematocera","Tipulomorpha",,"Tipulidae","Tipulinae",,,"Tipula","sp.",,"larva",22,,1,100,1,"N","N","condition OK","Y",,"Gelhaus and Podeniene 2018; Merritt et al. 2019","N","Rhithron Associates, Inc.","B. Moore",,
"166ec664-debf-45e3-8e5e-6eb1fde6d977","D18","OKSR","OKSR.AOS.reach","2019-08-12T23:02Z","2020-02-26","OKSR.20190812.KICKNET.5","A00000027887",,"ACESP","Y","Acentrella sp.",,"genus","Arthropoda","Hexapoda","Insecta","Pterygota","Palaeoptera",,"Ephemeroptera","Pisciforma",,,"Baetidae",,,,"Acentrella","sp.",,"larva",3,,2,33,6,"N","N","damaged, affecting taxonomy and measurement","Y",,"Merritt et al. 2019","N","Rhithron Associates, Inc.","S. Sullivan",,
"3e412767-7cb3-4f9f-97b2-5c5e9538fb35","D18","OKSR","OKSR.AOS.reach","2019-08-12T23:02Z","2020-02-25","OKSR.20190812.KICKNET.1","A00000028770",,"CORSP19","Y","Corynoneura sp.",,"genus","Arthropoda","Hexapoda","Insecta","Pterygota","Neoptera","Holometabola","Diptera","Nematocera","Culicomorpha",,"Chironomidae","Orthocladiinae",,,"Corynoneura","sp.",,"larva",2,,2,67,3,"N","N","condition OK","Y",,"Weiderholm, 1983; Weiderholm, 1986; Epler 2001; Ferrington et al. 2019; Andersen, Cranston and Epler 2013","Y","Rhithron Associates, Inc.","R. Spring",,
"2d37113b-587e-4719-a9f4-258131dcc81b","D18","OKSR","OKSR.AOS.reach","2019-08-12T23:02Z","2020-02-25","OKSR.20190812.SURBER.2","A00000028786",,"ORTSP1","Y","Orthocladiinae sp.",,"subfamily","Arthropoda","Hexapoda","Insecta","Pterygota","Neoptera","Holometabola","Diptera","Nematocera","Culicomorpha",,"Chironomidae","Orthocladiinae",,,,"sp.",,"pupa",3,,1,100,1,"N","N","damaged, affecting taxonomy and measurement","N",,"Weiderholm, 1983; Weiderholm, 1986; Epler 2001; Ferrington et al. 2019; Andersen, Cranston and Epler 2013","N","Rhithron Associates, Inc.","A. Fasbender",,
"e2ede22f-f971-44b8-ad76-2e1fe5d7bd9f","D18","OKSR","OKSR.AOS.reach","2019-08-12T23:02Z","2020-02-26","OKSR.20190812.KICKNET.5","A00000027887",,"NEMSP7","Y","Nemoura sp.",,"genus","Arthropoda","Hexapoda","Insecta","Pterygota","Neoptera","Polyneoptera","Plecoptera","Euholognatha",,,"Nemouridae","Nemourinae",,,"Nemoura","sp.",,"larva",2,,29,33,88,"N","N","condition OK","Y",,"Stewart and Stark 2002; Merritt et al. 2019","N","Rhithron Associates, Inc.","S. Sullivan",,
"947a5d1f-ec1b-4091-933c-63885053fbc2","D18","OKSR","OKSR.AOS.reach","2019-08-12T23:02Z","2020-02-25","OKSR.20190812.KICKNET.2","A00000027876",,"LUMSP2","Y","Lumbriculidae sp.",,"family","Annelida","Clitellata","Oligochaeta","Oligochaeta",,,"Lumbriculida",,,,"Lumbriculidae",,,,,"sp.",,"none",6,,1,100,1,"Y","N","condition OK","Y",,"Kathman and Brinkhurst, 1999","N","Rhithron Associates, Inc.","J. Webb","w/proboscis",
"2973fe18-7cb2-44c9-8f01-3e1169b89aba","D18","OKSR","OKSR.AOS.reach","2019-08-12T23:02Z","2020-02-25","OKSR.20190812.SURBER.1","A00000028809",,"LUMSP2","Y","Lumbriculidae sp.",,"family","Annelida","Clitellata","Oligochaeta","Oligochaeta",,,"Lumbriculida",,,,"Lumbriculidae",,,,,"sp.",,"none",10,,2,100,2,"Y","N","condition OK","Y",,"Kathman and Brinkhurst, 1999","N","Rhithron Associates, Inc.","J. Webb","w/proboscis",
"75329f6e-da47-4bef-a5d6-2f888a0ce490","D18","OKSR","OKSR.AOS.reach","2019-08-12T23:02Z","2020-02-25","OKSR.20190812.SURBER.3","A00000028792",,"HELSP20","Y","Helodon sp.",,"genus","Arthropoda","Hexapoda","Insecta",,,,"Diptera","Nematocera",,,"Simuliidae",,,,"Helodon","sp.",,"pupa",3,,1,100,1,"N","N","condition OK","Y",,"Adler et al. 2004; Merritt et al. 2019","N","Rhithron Associates, Inc.","B. Moore","Reference Collection(1)",
"32a6f94f-2725-4b41-9646-8b924f6931b8","D18","OKSR","OKSR.AOS.reach","2019-08-12T23:02Z","2020-02-25","OKSR.20190812.KICKNET.3","A00000027889",,"HYDSP52","Y","Hydrosmittia sp.",,"genus","Arthropoda",,"Insecta","Pterygota","Neoptera",,"Diptera","Nematocera","Culicomorpha","Chironomoidea","Chironomidae","Orthocladiinae",,,"Hydrosmittia","sp.",,"larva",1,,30,70,43,"N","N","condition OK","Y",,"Weiderholm, 1983; Weiderholm, 1986; Epler 2001; Ferrington et al. 2019; Andersen, Cranston and Epler 2013","Y","Rhithron Associates, Inc.","A. Fasbender",,
"2677301f-c0b5-4acc-bbe9-ea517cde0e8a","D18","OKSR","OKSR.AOS.reach","2019-08-12T23:02Z","2020-02-25","OKSR.20190812.KICKNET.2","A00000027876",,"ENCSP1","Y","Enchytraeidae sp.",,"family","Annelida","Clitellata","Oligochaeta","Oligochaeta",,,"Enchytraeida",,,,"Enchytraeidae",,,,,"sp.",,"none",2,,3,100,3,"N","N","condition OK","Y",,"Kathman and Brinkhurst, 1999","N","Rhithron Associates, Inc.","J. Webb",,
"0d8dbfbd-c3d9-4636-ae93-50bd8f5ba59d","D18","OKSR","OKSR.AOS.reach","2019-08-12T23:02Z","2020-02-25","OKSR.20190812.SURBER.1","A00000028809",,"TANSP11","Y","Tanytarsus sp.",,"genus","Arthropoda","Hexapoda","Insecta","Pterygota","Neoptera","Holometabola","Diptera","Nematocera","Culicomorpha",,"Chironomidae","Chironominae","Tanytarsini",,"Tanytarsus","sp.",,"larva",1,,1,100,1,"N","N","condition OK","Y",,"Weiderholm, 1983; Weiderholm, 1986; Epler 2001; Ferrington et al. 2019; Andersen, Cranston and Epler 2013","N","Rhithron Associates, Inc.","A. Fasbender",,
"81b8c811-37a3-4194-91c2-7644df7a2015","D18","OKSR","OKSR.AOS.reach","2019-08-12T23:02Z","2020-02-25","OKSR.20190812.KICKNET.1","A00000028770",,"THIGRO","Y","Thienemannimyia gr.",,"speciesGroup","Arthropoda","Hexapoda","Insecta","Pterygota","Neoptera","Holometabola","Diptera","Nematocera","Culicomorpha",,"Chironomidae","Tanypodinae","Pentaneurini",,"Thienemannimyia","gr.",,"larva",2,,1,67,1,"Y","N","condition OK","Y",,"Weiderholm, 1983; Weiderholm, 1986; Epler 2001; Ferrington et al. 2008; Andersen, Cranston and Epler 2017","Y","Rhithron Associates, Inc.","R. Spring",,
"43f65c59-baf4-4ab2-acde-9c052a31b189","D18","OKSR","OKSR.AOS.reach","2019-08-12T23:02Z","2020-02-25","OKSR.20190812.SURBER.1","A00000028809",,"DIASP8","Y","Diamesa sp.",,"genus","Arthropoda","Hexapoda","Insecta","Pterygota","Neoptera","Holometabola","Diptera","Nematocera","Culicomorpha",,"Chironomidae","Diamesinae","Diamesini",,"Diamesa","sp.",,"larva",1,,2,100,2,"N","N","condition OK","Y",,"Weiderholm, 1983; Weiderholm, 1986; Epler 2001; Ferrington et al. 2019; Andersen, Cranston and Epler 2013","N","Rhithron Associates, Inc.","A. Fasbender",,
"463cb24c-5c86-4a12-a027-ea3657b741e6","D18","OKSR","OKSR.AOS.reach","2019-08-12T23:02Z","2020-02-25","OKSR.20190812.KICKNET.4","A00000028774",,"TANSP11","Y","Tanytarsus sp.",,"genus","Arthropoda","Hexapoda","Insecta","Pterygota","Neoptera","Holometabola","Diptera","Nematocera","Culicomorpha",,"Chironomidae","Chironominae","Tanytarsini",,"Tanytarsus","sp.",,"larva",2,,4,33,12,"N","N","condition OK","Y",,"Weiderholm, 1983; Weiderholm, 1986; Epler 2001; Ferrington et al. 2019; Andersen, Cranston and Epler 2013","N","Rhithron Associates, Inc.","A. Fasbender",,
"c0a71510-0699-4e0c-8b6a-d470b1249a2d","D18","OKSR","OKSR.AOS.reach","2019-08-12T23:02Z","2020-02-25","OKSR.20190812.KICKNET.1","A00000028770",,"SYNSP3","Y","Synorthocladius sp.",,"genus","Arthropoda","Hexapoda","Insecta","Pterygota","Neoptera","Holometabola","Diptera","Nematocera","Culicomorpha",,"Chironomidae","Orthocladiinae",,,"Synorthocladius","sp.",,"larva",2,,1,67,1,"N","N","condition OK","Y",,"Weiderholm, 1983; Weiderholm, 1986; Epler 2001; Ferrington et al. 2019; Andersen, Cranston and Epler 2013","Y","Rhithron Associates, Inc.","R. Spring",,
"5b7c76d1-3039-4923-aa9d-127785007a52","D18","OKSR","OKSR.AOS.reach","2019-08-12T23:02Z","2020-02-25","OKSR.20190812.KICKNET.5","A00000027887",,"HYDSP52","Y","Hydrosmittia sp.",,"genus","Arthropoda",,"Insecta","Pterygota","Neoptera",,"Diptera","Nematocera","Culicomorpha","Chironomoidea","Chironomidae","Orthocladiinae",,,"Hydrosmittia","sp.",,"larva",4,,13,33,39,"N","N","condition OK","Y",,"Weiderholm, 1983; Weiderholm, 1986; Epler 2001; Ferrington et al. 2019; Andersen, Cranston and Epler 2013","N","Rhithron Associates, Inc.","A. Fasbender",,
"dfb0e107-fb5a-48a8-adb9-5a9b1e61d7ce","D18","OKSR","OKSR.AOS.reach","2019-08-12T23:02Z","2020-02-25","OKSR.20190812.KICKNET.3","A00000027889",,"PHASP9","Y","Phaenopsectra sp.",,"genus","Arthropoda","Hexapoda","Insecta","Pterygota","Neoptera","Holometabola","Diptera","Nematocera","Culicomorpha",,"Chironomidae","Chironominae","Chironomini",,"Phaenopsectra","sp.",,"larva",8,,1,70,1,"N","N","condition OK","Y",,"Weiderholm, 1983; Weiderholm, 1986; Epler 2001; Ferrington et al. 2019; Andersen, Cranston and Epler 2013","Y","Rhithron Associates, Inc.","A. Fasbender",,
"ca84f813-681d-411f-832f-dfbee14f8df9","D18","OKSR","OKSR.AOS.reach","2019-08-12T23:02Z","2020-02-25","OKSR.20190812.KICKNET.1","A00000028770",,"ENCSP1","Y","Enchytraeidae sp.",,"family","Annelida","Clitellata","Oligochaeta","Oligochaeta",,,"Enchytraeida",,,,"Enchytraeidae",,,,,"sp.",,"none",2,,4,67,6,"N","N","condition OK","Y",,"Kathman and Brinkhurst, 1999","Y","Rhithron Associates, Inc.","J. Webb",,
"e8c47e52-b90a-4ee4-ab81-2ffa2a817253","D18","OKSR","OKSR.AOS.reach","2019-08-12T23:02Z","2020-02-25","OKSR.20190812.KICKNET.1","A00000028770",,"CRISP6","Y","Cricotopus/Orthocladius sp.",,"speciesGroup","Arthropoda","Hexapoda","Insecta","Pterygota","Neoptera","Holometabola","Diptera","Nematocera","Culicomorpha",,"Chironomidae","Orthocladiinae",,,"Cricotopus/Orthocladius","sp.",,"larva",1,,8,67,12,"Y","N","condition OK","N",,"Weiderholm, 1983; Weiderholm, 1986; Epler 2001; Ferrington et al. 2008; Andersen, Cranston and Epler 2013","Y","Rhithron Associates, Inc.","R. Spring",,
"84cc59dd-82b1-442b-b749-947eef5a324b","D18","OKSR","OKSR.AOS.reach","2019-08-12T23:02Z","2020-02-25","OKSR.20190812.KICKNET.1","A00000028770",,"HYDSP52","Y","Hydrosmittia sp.",,"genus","Arthropoda",,"Insecta","Pterygota","Neoptera",,"Diptera","Nematocera","Culicomorpha","Chironomoidea","Chironomidae","Orthocladiinae",,,"Hydrosmittia","sp.",,"larva",2,,6,67,9,"N","N","condition OK","Y",,"Weiderholm, 1983; Weiderholm, 1986; Epler 2001; Ferrington et al. 2019; Andersen, Cranston and Epler 2013","Y","Rhithron Associates, Inc.","R. Spring",,
"09f4c237-f2fa-412f-9889-f2e81b4e80fb","D18","OKSR","OKSR.AOS.reach","2019-08-12T23:02Z","2020-02-25","OKSR.20190812.KICKNET.1","A00000028770",,"CLASP6","Y","Cladotanytarsus sp.",,"genus","Arthropoda","Hexapoda","Insecta","Pterygota","Neoptera","Holometabola","Diptera","Nematocera","Culicomorpha",,"Chironomidae","Chironominae","Tanytarsini",,"Cladotanytarsus","sp.",,"larva",2,,16,67,24,"N","N","condition OK","Y",,"Weiderholm, 1983; Weiderholm, 1986; Epler 2001; Ferrington et al. 2019; Andersen, Cranston and Epler 2013","Y","Rhithron Associates, Inc.","R. Spring",,
"a69fac9c-b47e-4c09-b2a3-c46a6ed57753","D18","OKSR","OKSR.AOS.reach","2019-08-12T23:02Z","2020-02-26","OKSR.20190812.KICKNET.5","A00000027887",,"ZAPSP","Y","Zapada sp.",,"genus","Arthropoda","Hexapoda","Insecta","Pterygota","Neoptera","Polyneoptera","Plecoptera","Euholognatha",,,"Nemouridae","Nemourinae",,,"Zapada","sp.",,"larva",2,,1,33,3,"Y","N","condition OK","Y",,"Baumann et al. 1977; Stewart and Stark 2002; Merritt et al. 2019","N","Rhithron Associates, Inc.","S. Sullivan",,
"b3051df6-f3ff-47b9-b99d-b0aaf7b3bd5e","D18","OKSR","OKSR.AOS.reach","2019-08-12T23:02Z","2020-02-25","OKSR.20190812.KICKNET.3","A00000027889",,"NEOSP32","Y","Neozavrelia sp.",,"genus","Arthropoda","Hexapoda","Insecta","Pterygota","Neoptera","Holometabola","Diptera","Nematocera","Culicomorpha",,"Chironomidae","Orthocladiinae","Tanytarsini",,"Neozavrelia","sp.",,"larva",1,,16,70,23,"N","N","condition OK","Y",,"Weiderholm, 1983; Weiderholm, 1986; Epler 2001; Ferrington et al. 2019; Andersen, Cranston and Epler 2013","Y","Rhithron Associates, Inc.","A. Fasbender",,
"333e4b7c-a7cd-44a4-95ce-9797f580ba71","D18","OKSR","OKSR.AOS.reach","2019-08-12T23:02Z","2020-02-25","OKSR.20190812.KICKNET.4","A00000028774",,"THIGRO","Y","Thienemannimyia gr.",,"speciesGroup","Arthropoda","Hexapoda","Insecta","Pterygota","Neoptera","Holometabola","Diptera","Nematocera","Culicomorpha",,"Chironomidae","Tanypodinae","Pentaneurini",,"Thienemannimyia","gr.",,"larva",5,,2,33,6,"Y","N","condition OK","Y",,"Weiderholm, 1983; Weiderholm, 1986; Epler 2001; Ferrington et al. 2008; Andersen, Cranston and Epler 2017","N","Rhithron Associates, Inc.","A. Fasbender",,
"07b74525-41d9-4d63-96bf-0be7c3044db7","D18","OKSR","OKSR.AOS.reach","2019-08-12T23:02Z","2020-02-25","OKSR.20190812.KICKNET.1","A00000028770",,"STESP9","Y","Stempellina sp.",,"genus","Arthropoda","Hexapoda","Insecta","Pterygota","Neoptera","Holometabola","Diptera","Nematocera","Culicomorpha",,"Chironomidae","Chironominae","Tanytarsini",,"Stempellina","sp.",,"larva",1,,10,67,15,"N","N","condition OK","Y",,"Weiderholm, 1983; Weiderholm, 1986; Epler 2001; Ferrington et al. 2019; Andersen, Cranston and Epler 2013","Y","Rhithron Associates, Inc.","R. Spring",,
"2f55d375-2515-4f88-ab42-b5c1e4408b4b","D18","OKSR","OKSR.AOS.reach","2019-08-12T23:02Z","2020-02-25","OKSR.20190812.KICKNET.4","A00000028774",,"PARSP34","Y","Paratanytarsus sp.",,"genus","Arthropoda","Hexapoda","Insecta","Pterygota","Neoptera","Holometabola","Diptera","Nematocera","Culicomorpha",,"Chironomidae","Chironominae","Tanytarsini",,"Paratanytarsus","sp.",,"larva",3,,2,33,6,"N","N","condition OK","Y",,"Weiderholm, 1983; Weiderholm, 1986; Epler 2001; Ferrington et al. 2019; Andersen, Cranston and Epler 2013","N","Rhithron Associates, Inc.","A. Fasbender",,
"008c4633-815a-40b2-9422-c30f8d064d54","D18","OKSR","OKSR.AOS.reach","2019-08-12T23:02Z","2020-02-25","OKSR.20190812.SURBER.1","A00000028809",,"BAESP2","Y","Baetis sp.",,"genus","Arthropoda","Hexapoda","Insecta","Pterygota","Palaeoptera",,"Ephemeroptera","Pisciforma",,,"Baetidae",,,,"Baetis","sp.",,"larva",4,,1,100,1,"N","N","damaged, affecting taxonomy and measurement","Y",,"Merritt et al. 2019","N","Rhithron Associates, Inc.","B. Moore","not Rhodani Grp.",
"45033c2b-7daa-43c9-aa73-4c72b5295341","D18","OKSR","OKSR.AOS.reach","2019-08-12T23:02Z","2020-02-25","OKSR.20190812.KICKNET.2","A00000027876",,"NEOSP32","Y","Neozavrelia sp.",,"genus","Arthropoda","Hexapoda","Insecta","Pterygota","Neoptera","Holometabola","Diptera","Nematocera","Culicomorpha",,"Chironomidae","Orthocladiinae","Tanytarsini",,"Neozavrelia","sp.",,"larva",1,,2,100,2,"N","N","condition OK","Y",,"Weiderholm, 1983; Weiderholm, 1986; Epler 2001; Ferrington et al. 2019; Andersen, Cranston and Epler 2013","N","Rhithron Associates, Inc.","R. Spring",,
"4ffc02cb-ecb6-463b-873a-8b004301a8b8","D18","OKSR","OKSR.AOS.reach","2019-08-12T23:02Z","2020-02-25","OKSR.20190812.KICKNET.5","A00000027887",,"HYDSP52","Y","Hydrosmittia sp.",,"genus","Arthropoda",,"Insecta","Pterygota","Neoptera",,"Diptera","Nematocera","Culicomorpha","Chironomoidea","Chironomidae","Orthocladiinae",,,"Hydrosmittia","sp.",,"larva",1,,12,33,36,"N","N","condition OK","Y",,"Weiderholm, 1983; Weiderholm, 1986; Epler 2001; Ferrington et al. 2019; Andersen, Cranston and Epler 2013","N","Rhithron Associates, Inc.","A. Fasbender",,
"d005e13b-89ab-424f-a677-f6fb6697d983","D18","OKSR","OKSR.AOS.reach","2019-08-12T23:02Z","2020-02-25","OKSR.20190812.KICKNET.4","A00000028774",,"LIMSP23","Y","Limnophyes sp.",,"genus","Arthropoda","Hexapoda","Insecta","Pterygota","Neoptera","Holometabola","Diptera","Nematocera","Culicomorpha",,"Chironomidae","Orthocladiinae",,,"Limnophyes","sp.",,"larva",2,,1,33,3,"N","N","condition OK","Y",,"Weiderholm, 1983; Weiderholm, 1986; Epler 2001; Ferrington et al. 2019; Andersen, Cranston and Epler 2013","N","Rhithron Associates, Inc.","A. Fasbender",,
"4b02ba0d-aea1-4d14-a270-562563349c8b","D18","OKSR","OKSR.AOS.reach","2019-08-12T23:02Z","2020-02-25","OKSR.20190812.KICKNET.2","A00000027876",,"NAICOM","Y","Nais communis/variabilis",,"speciesGroup","Annelida","Clitellata","Oligochaeta","Oligochaeta",,,"Tubificida",,,,"Naididae","Naidinae",,,"Nais","communis/variabilis",,"none",1,,1,100,1,"Y","N","condition OK","Y",,"Kathman and Brinkhurst, 1999","N","Rhithron Associates, Inc.","J. Webb",,
"1dd53001-055b-4825-bcc2-1822bbfeaa7c","D18","OKSR","OKSR.AOS.reach","2019-08-12T23:02Z","2020-02-25","OKSR.20190812.KICKNET.2","A00000027876",,"CRISP6","Y","Cricotopus/Orthocladius sp.",,"speciesGroup","Arthropoda","Hexapoda","Insecta","Pterygota","Neoptera","Holometabola","Diptera","Nematocera","Culicomorpha",,"Chironomidae","Orthocladiinae",,,"Cricotopus/Orthocladius","sp.",,"larva",2,,1,100,1,"Y","N","condition OK","N",,"Weiderholm, 1983; Weiderholm, 1986; Epler 2001; Ferrington et al. 2008; Andersen, Cranston and Epler 2013","N","Rhithron Associates, Inc.","R. Spring",,
"ccaaacf5-c09b-4b45-a792-9304bde6bd57","D18","OKSR","OKSR.AOS.reach","2019-08-12T23:02Z","2020-02-25","OKSR.20190812.KICKNET.3","A00000027889",,"ENCSP1","Y","Enchytraeidae sp.",,"family","Annelida","Clitellata","Oligochaeta","Oligochaeta",,,"Enchytraeida",,,,"Enchytraeidae",,,,,"sp.",,"none",3,,3,70,4,"N","N","condition OK","Y",,"Kathman and Brinkhurst, 1999","Y","Rhithron Associates, Inc.","J. Webb","Cernosvitoviella and Henlea?",
"1cbdf200-e3a9-4dd3-bae7-44669a10669a","D18","OKSR","OKSR.AOS.reach","2019-08-12T23:02Z","2020-02-25","OKSR.20190812.KICKNET.5","A00000027887",,"CRISP2","Y","Cricotopus sp.",,"genus","Arthropoda","Hexapoda","Insecta","Pterygota","Neoptera","Holometabola","Diptera","Nematocera","Culicomorpha",,"Chironomidae","Orthocladiinae",,,"Cricotopus","sp.",,"larva",2,,1,33,3,"N","N","condition OK","Y",,"Weiderholm, 1983; Weiderholm, 1986; Epler 2001; Ferrington et al. 2019; Andersen, Cranston and Epler 2013","N","Rhithron Associates, Inc.","A. Fasbender",,
"c28054b1-1195-4e64-a713-50c2beb7415f","D18","OKSR","OKSR.AOS.reach","2019-08-12T23:02Z","2020-02-25","OKSR.20190812.KICKNET.2","A00000027876",,"RHESP2","Y","Rheotanytarsus sp.",,"genus","Arthropoda","Hexapoda","Insecta","Pterygota","Neoptera","Holometabola","Diptera","Nematocera","Culicomorpha",,"Chironomidae","Chironominae","Tanytarsini",,"Rheotanytarsus","sp.",,"larva",1,,1,100,1,"N","N","condition OK","Y",,"Weiderholm, 1983; Weiderholm, 1986; Epler 2001; Ferrington et al. 2019; Andersen, Cranston and Epler 2013","N","Rhithron Associates, Inc.","R. Spring",,
"e2f36bea-1588-4626-a6de-c85945123212","D18","OKSR","OKSR.AOS.reach","2019-08-12T23:02Z","2020-02-25","OKSR.20190812.KICKNET.3","A00000027889",,"PHASP9","Y","Phaenopsectra sp.",,"genus","Arthropoda","Hexapoda","Insecta","Pterygota","Neoptera","Holometabola","Diptera","Nematocera","Culicomorpha",,"Chironomidae","Chironominae","Chironomini",,"Phaenopsectra","sp.",,"larva",7,,1,70,1,"N","N","condition OK","Y",,"Weiderholm, 1983; Weiderholm, 1986; Epler 2001; Ferrington et al. 2019; Andersen, Cranston and Epler 2013","Y","Rhithron Associates, Inc.","A. Fasbender",,
"67e34870-562b-48f4-8515-805f1863b6f7","D18","OKSR","OKSR.AOS.reach","2019-08-12T23:02Z","2020-02-26","OKSR.20190812.KICKNET.3","A00000027889",,"NEMSP","Y","Nematoda sp.",,"phylum","Nematoda",,,,,,,,,,,,,,,"sp.",,"none",4,,2,70,3,"N","N","condition OK","Y",,"Thorp and Rogers 2016","Y","Rhithron Associates, Inc.","B. Moore",,
"e4150a64-e2db-407b-b27c-207415a7b40f","D18","OKSR","OKSR.AOS.reach","2019-08-12T23:02Z","2020-02-25","OKSR.20190812.KICKNET.4","A00000028774",,"PARSP34","Y","Paratanytarsus sp.",,"genus","Arthropoda","Hexapoda","Insecta","Pterygota","Neoptera","Holometabola","Diptera","Nematocera","Culicomorpha",,"Chironomidae","Chironominae","Tanytarsini",,"Paratanytarsus","sp.",,"larva",1,,3,33,9,"N","N","condition OK","Y",,"Weiderholm, 1983; Weiderholm, 1986; Epler 2001; Ferrington et al. 2019; Andersen, Cranston and Epler 2013","N","Rhithron Associates, Inc.","A. Fasbender",,
"07275004-dad8-492e-bcd9-29978a40e669","D18","OKSR","OKSR.AOS.reach","2019-08-12T23:02Z","2020-02-25","OKSR.20190812.SURBER.2","A00000028786",,"CINSP1","Y","Cinygmula sp.",,"genus","Arthropoda","Hexapoda","Insecta","Pterygota","Palaeoptera",,"Ephemeroptera","Pisciforma",,"Heptagenioidea","Heptageniidae",,,,"Cinygmula","sp.",,"larva",2,,3,100,3,"N","N","condition OK","Y",,"Merritt et al. 2019","N","Rhithron Associates, Inc.","B. Moore",,
"524433a3-9759-4992-be45-e83f8317e6cf","D18","OKSR","OKSR.AOS.reach","2019-08-12T23:02Z","2020-02-25","OKSR.20190812.KICKNET.4","A00000028774",,"ORISP1","Y","Oribatida sp.",,"suborder","Arthropoda","Chelicerata","Arachnida","Acari",,"Acariformes","Sarcoptiformes","Oribatida",,,,,,,,"sp.",,"adult",1,,1,33,3,"N","N","condition OK","Y",,"Thorp and Rogers 2016","N","Rhithron Associates, Inc.","B. Moore",,
"9984da76-6901-429c-a8cd-abeedcf9ae1e","D18","OKSR","OKSR.AOS.reach","2019-08-12T23:02Z","2020-02-25","OKSR.20190812.KICKNET.1","A00000028770",,"NEMSP","Y","Nematoda sp.",,"phylum","Nematoda",,,,,,,,,,,,,,,"sp.",,"none",1,,1,67,1,"N","N","condition OK","Y",,"Thorp and Rogers 2016","Y","Rhithron Associates, Inc.","S. Sullivan",,
"b51a0cc1-40b1-4d6c-83cb-47fc92cb8a49","D18","OKSR","OKSR.AOS.reach","2019-08-12T23:02Z","2020-02-25","OKSR.20190812.KICKNET.1","A00000028770",,"LUMSP2","Y","Lumbriculidae sp.",,"family","Annelida","Clitellata","Oligochaeta","Oligochaeta",,,"Lumbriculida",,,,"Lumbriculidae",,,,,"sp.",,"none",4,,2,67,3,"Y","N","condition OK","Y",,"Kathman and Brinkhurst, 1999","Y","Rhithron Associates, Inc.","J. Webb","11 w/proboscis, 4w/out",
"80d08ecd-4977-4826-b5f7-622abf95258f","D18","OKSR","OKSR.AOS.reach","2019-08-12T23:02Z","2020-02-25","OKSR.20190812.KICKNET.3","A00000027889",,"ORTSP3","Y","Orthocladius sp.",,"genus","Arthropoda","Hexapoda","Insecta","Pterygota","Neoptera","Holometabola","Diptera","Nematocera","Culicomorpha",,"Chironomidae","Orthocladiinae",,,"Orthocladius","sp.",,"pupa",4,,2,70,3,"N","N","condition OK","N",,"Weiderholm, 1983; Weiderholm, 1986; Epler 2001; Ferrington et al. 2019; Andersen, Cranston and Epler 2013","Y","Rhithron Associates, Inc.","A. Fasbender",,
"4a45a4b9-549a-4300-be74-04c1866ee8cb","D18","OKSR","OKSR.AOS.reach","2019-08-12T23:02Z","2020-02-25","OKSR.20190812.KICKNET.1","A00000028770",,"NEOSP32","Y","Neozavrelia sp.",,"genus","Arthropoda","Hexapoda","Insecta","Pterygota","Neoptera","Holometabola","Diptera","Nematocera","Culicomorpha",,"Chironomidae","Orthocladiinae","Tanytarsini",,"Neozavrelia","sp.",,"larva",2,,70,67,104,"N","N","condition OK","Y",,"Weiderholm, 1983; Weiderholm, 1986; Epler 2001; Ferrington et al. 2019; Andersen, Cranston and Epler 2013","Y","Rhithron Associates, Inc.","R. Spring",,
"b870bdd6-a05f-46f1-9f29-e1f48556993b","D18","OKSR","OKSR.AOS.reach","2019-08-12T23:02Z","2020-02-25","OKSR.20190812.KICKNET.5","A00000027887",,"NAISP1","Y","Nais sp.",,"genus","Arthropoda","Crustacea","Malacostraca","Eumalacostraca",,"Peracarida","Tanaidacea","Tanaidomorpha",,"Paratanaoidea","Pseudotanaidae",,,,"Nais","sp.",,"none",3,,1,33,3,"N","N","damaged, affecting taxonomy and measurement","Y",,"Kathman and Brinkhurst, 1999","N","Rhithron Associates, Inc.","J. Webb",,
"a495dc19-2b19-40b3-953c-871952b4e365","D18","OKSR","OKSR.AOS.reach","2019-08-12T23:02Z","2020-02-25","OKSR.20190812.KICKNET.4","A00000028774",,"THIGRO","Y","Thienemannimyia gr.",,"speciesGroup","Arthropoda","Hexapoda","Insecta","Pterygota","Neoptera","Holometabola","Diptera","Nematocera","Culicomorpha",,"Chironomidae","Tanypodinae","Pentaneurini",,"Thienemannimyia","gr.",,"larva",4,,1,33,3,"Y","N","condition OK","Y",,"Weiderholm, 1983; Weiderholm, 1986; Epler 2001; Ferrington et al. 2008; Andersen, Cranston and Epler 2017","N","Rhithron Associates, Inc.","A. Fasbender",,
"94ecc30e-f38d-4746-b131-a821dc68bb3a","D18","OKSR","OKSR.AOS.reach","2019-08-12T23:02Z","2020-02-25","OKSR.20190812.KICKNET.1","A00000028770",,"TVESP","Y","Tvetenia sp.",,"genus","Arthropoda","Hexapoda","Insecta","Pterygota","Neoptera","Holometabola","Diptera","Nematocera","Culicomorpha",,"Chironomidae","Orthocladiinae",,,"Tvetenia","sp.",,"larva",6,,5,67,7,"N","N","condition OK","Y",,"Weiderholm, 1983; Weiderholm, 1986; Epler 2001; Ferrington et al. 2019; Andersen, Cranston and Epler 2013","Y","Rhithron Associates, Inc.","R. Spring",,
"65510a89-2af7-431c-8664-37041b3cb789","D18","OKSR","OKSR.AOS.reach","2019-08-12T23:02Z","2020-02-26","OKSR.20190812.KICKNET.5","A00000027887",,"TIPSP3","Y","Tipula sp.",,"genus","Arthropoda","Hexapoda","Insecta","Pterygota","Neoptera","Holometabola","Diptera","Nematocera","Tipulomorpha",,"Tipulidae","Tipulinae",,,"Tipula","sp.",,"larva",21,,1,33,3,"N","N","condition OK","Y",,"Gelhaus and Podeniene 2018; Merritt et al. 2019","N","Rhithron Associates, Inc.","S. Sullivan",,
"d42d4596-26bb-4859-ace1-8eddfa65b4d4","D18","OKSR","OKSR.AOS.reach","2019-08-12T23:02Z","2020-02-26","OKSR.20190812.KICKNET.3","A00000027889",,"TIPSP3","Y","Tipula sp.",,"genus","Arthropoda","Hexapoda","Insecta","Pterygota","Neoptera","Holometabola","Diptera","Nematocera","Tipulomorpha",,"Tipulidae","Tipulinae",,,"Tipula","sp.",,"larva",17,,1,70,1,"N","N","condition OK","Y",,"Gelhaus and Podeniene 2018; Merritt et al. 2019","Y","Rhithron Associates, Inc.","B. Moore",,
"31cd81ae-62fa-4bcd-86d9-18e0512af1f0","D18","OKSR","OKSR.AOS.reach","2019-08-12T23:02Z","2020-02-25","OKSR.20190812.SURBER.3","A00000028792",,"CRISP2","Y","Cricotopus sp.",,"genus","Arthropoda","Hexapoda","Insecta","Pterygota","Neoptera","Holometabola","Diptera","Nematocera","Culicomorpha",,"Chironomidae","Orthocladiinae",,,"Cricotopus","sp.",,"larva",2,,3,100,3,"N","N","condition OK","Y",,"Weiderholm, 1983; Weiderholm, 1986; Epler 2001; Ferrington et al. 2019; Andersen, Cranston and Epler 2013","N","Rhithron Associates, Inc.","A. Fasbender",,
"541865e1-a305-49d8-9f0c-30e1dbe394c8","D18","OKSR","OKSR.AOS.reach","2019-08-12T23:02Z","2020-02-25","OKSR.20190812.SURBER.3","A00000028792",,"VALMER","Y","Valvata mergella",,"species","Mollusca",,"Gastropoda",,,,"Heterostropha",,,,"Valvatidae",,,,"Valvata","mergella",,"none",1,,1,100,1,"N","N","condition OK","Y",,"Burch 1989; Thorp and Rogers 2016","N","Rhithron Associates, Inc.","B. Moore",,
"68c916af-9ea9-4d78-8861-bfaa76c71b7e","D18","OKSR","OKSR.AOS.reach","2019-08-12T23:02Z","2020-02-25","OKSR.20190812.KICKNET.2","A00000027876",,"THIGRO","Y","Thienemannimyia gr.",,"speciesGroup","Arthropoda","Hexapoda","Insecta","Pterygota","Neoptera","Holometabola","Diptera","Nematocera","Culicomorpha",,"Chironomidae","Tanypodinae","Pentaneurini",,"Thienemannimyia","gr.",,"larva",5,,4,100,4,"Y","N","condition OK","Y",,"Weiderholm, 1983; Weiderholm, 1986; Epler 2001; Ferrington et al. 2008; Andersen, Cranston and Epler 2017","N","Rhithron Associates, Inc.","R. Spring",,
"cdb47809-7031-49db-bc1f-f034e4f74578","D18","OKSR","OKSR.AOS.reach","2019-08-12T23:02Z","2020-02-25","OKSR.20190812.KICKNET.5","A00000027887",,"NEOSP32","Y","Neozavrelia sp.",,"genus","Arthropoda","Hexapoda","Insecta","Pterygota","Neoptera","Holometabola","Diptera","Nematocera","Culicomorpha",,"Chironomidae","Orthocladiinae","Tanytarsini",,"Neozavrelia","sp.",,"larva",1,,19,33,58,"N","N","condition OK","Y",,"Weiderholm, 1983; Weiderholm, 1986; Epler 2001; Ferrington et al. 2019; Andersen, Cranston and Epler 2013","N","Rhithron Associates, Inc.","A. Fasbender",,
"ed8522ed-1a50-4dab-87b7-8eb92ef4b1b1","D18","OKSR","OKSR.AOS.reach","2019-08-12T23:02Z","2020-02-25","OKSR.20190812.SURBER.2","A00000028786",,"STESP10","Y","Stempellinella sp.",,"genus","Arthropoda","Hexapoda","Insecta","Pterygota","Neoptera","Holometabola","Diptera","Nematocera","Culicomorpha",,"Chironomidae","Chironominae","Tanytarsini",,"Stempellinella","sp.",,"larva",1,,4,100,4,"N","N","condition OK","Y",,"Weiderholm, 1983; Weiderholm, 1986; Epler 2001; Ferrington et al. 2019; Andersen, Cranston and Epler 2013","N","Rhithron Associates, Inc.","A. Fasbender",,
"db623acf-e6d4-4708-8aed-bba1ca7e6365","D18","OKSR","OKSR.AOS.reach","2019-08-12T23:02Z","2020-02-25","OKSR.20190812.SURBER.1","A00000028809",,"LUMSP2","Y","Lumbriculidae sp.",,"family","Annelida","Clitellata","Oligochaeta","Oligochaeta",,,"Lumbriculida",,,,"Lumbriculidae",,,,,"sp.",,"none",15,,1,100,1,"Y","N","condition OK","Y",,"Kathman and Brinkhurst, 1999","N","Rhithron Associates, Inc.","J. Webb","w/proboscis",
"c7ef5066-67d4-462f-8c00-3ee49bac7485","D18","OKSR","OKSR.AOS.reach","2019-08-12T23:02Z","2020-02-25","OKSR.20190812.SURBER.1","A00000028809",,"OSTSP","Y","Ostracoda sp.",,"class","Arthropoda","Crustacea","Ostracoda",,,,,,,,,,,,,"sp.",,"none",1,,4,100,4,"N","N","condition OK","Y",,"Thorp and Rogers 2016","N","Rhithron Associates, Inc.","B. Moore",,
"3be2e965-4d6a-4035-a5fd-724fb5364c29","D18","OKSR","OKSR.AOS.reach","2019-08-12T23:02Z","2020-02-25","OKSR.20190812.SURBER.3","A00000028792",,"CINSP1","Y","Cinygmula sp.",,"genus","Arthropoda","Hexapoda","Insecta","Pterygota","Palaeoptera",,"Ephemeroptera","Pisciforma",,"Heptagenioidea","Heptageniidae",,,,"Cinygmula","sp.",,"larva",8,,2,100,2,"N","N","condition OK","Y",,"Merritt et al. 2019","N","Rhithron Associates, Inc.","B. Moore",,
"55014b87-7b7d-45cb-a14b-0d6167a78d97","D18","OKSR","OKSR.AOS.reach","2019-08-12T23:02Z","2020-02-25","OKSR.20190812.KICKNET.1","A00000028770",,"LUMSP2","Y","Lumbriculidae sp.",,"family","Annelida","Clitellata","Oligochaeta","Oligochaeta",,,"Lumbriculida",,,,"Lumbriculidae",,,,,"sp.",,"none",20,,5,67,7,"Y","N","condition OK","Y",,"Kathman and Brinkhurst, 1999","Y","Rhithron Associates, Inc.","J. Webb","11 w/proboscis, 4w/out",
"cd842dc3-c68d-487c-879c-8ff0d2c1e7af","D18","OKSR","OKSR.AOS.reach","2019-08-12T23:02Z","2020-02-25","OKSR.20190812.KICKNET.5","A00000027887",,"PARSP34","Y","Paratanytarsus sp.",,"genus","Arthropoda","Hexapoda","Insecta","Pterygota","Neoptera","Holometabola","Diptera","Nematocera","Culicomorpha",,"Chironomidae","Chironominae","Tanytarsini",,"Paratanytarsus","sp.",,"larva",4,,1,33,3,"N","N","condition OK","Y",,"Weiderholm, 1983; Weiderholm, 1986; Epler 2001; Ferrington et al. 2019; Andersen, Cranston and Epler 2013","N","Rhithron Associates, Inc.","A. Fasbender",,
"4f01aa81-ae47-435c-9f96-7ce699175339","D18","OKSR","OKSR.AOS.reach","2019-08-12T23:02Z","2020-02-25","OKSR.20190812.SURBER.3","A00000028792",,"NEMSP7","Y","Nemoura sp.",,"genus","Arthropoda","Hexapoda","Insecta","Pterygota","Neoptera","Polyneoptera","Plecoptera","Euholognatha",,,"Nemouridae","Nemourinae",,,"Nemoura","sp.",,"larva",3,,1,100,1,"N","N","condition OK","Y",,"Stewart and Stark 2002; Merritt et al. 2019","N","Rhithron Associates, Inc.","B. Moore",,
"2d2c67bd-b5fb-4521-b561-656f9404e646","D18","OKSR","OKSR.AOS.reach","2019-08-12T23:02Z","2020-02-25","OKSR.20190812.KICKNET.5","A00000027887",,"CLASP6","Y","Cladotanytarsus sp.",,"genus","Arthropoda","Hexapoda","Insecta","Pterygota","Neoptera","Holometabola","Diptera","Nematocera","Culicomorpha",,"Chironomidae","Chironominae","Tanytarsini",,"Cladotanytarsus","sp.",,"larva",1,,1,33,3,"N","N","condition OK","Y",,"Weiderholm, 1983; Weiderholm, 1986; Epler 2001; Ferrington et al. 2019; Andersen, Cranston and Epler 2013","N","Rhithron Associates, Inc.","A. Fasbender",,
"f39b06c1-6475-4f54-b1b0-d5c48901a0e5","D18","OKSR","OKSR.AOS.reach","2019-08-12T23:02Z","2020-02-25","OKSR.20190812.SURBER.1","A00000028809",,"CINSP1","Y","Cinygmula sp.",,"genus","Arthropoda","Hexapoda","Insecta","Pterygota","Palaeoptera",,"Ephemeroptera","Pisciforma",,"Heptagenioidea","Heptageniidae",,,,"Cinygmula","sp.",,"larva",8,,2,100,2,"N","N","condition OK","Y",,"Merritt et al. 2019","N","Rhithron Associates, Inc.","B. Moore",,
"4a26346c-020e-40b1-91e3-1b371f6cff1c","D18","OKSR","OKSR.AOS.reach","2019-08-12T23:02Z","2020-02-25","OKSR.20190812.KICKNET.2","A00000027876",,"LUMSP2","Y","Lumbriculidae sp.",,"family","Annelida","Clitellata","Oligochaeta","Oligochaeta",,,"Lumbriculida",,,,"Lumbriculidae",,,,,"sp.",,"none",10,,1,100,1,"Y","N","condition OK","Y",,"Kathman and Brinkhurst, 1999","N","Rhithron Associates, Inc.","J. Webb","w/proboscis",
"40f3abba-fb5a-41ca-80a5-c52d97d85ea8","D18","OKSR","OKSR.AOS.reach","2019-08-12T23:02Z","2020-02-25","OKSR.20190812.KICKNET.1","A00000028770",,"STESP9","Y","Stempellina sp.",,"genus","Arthropoda","Hexapoda","Insecta","Pterygota","Neoptera","Holometabola","Diptera","Nematocera","Culicomorpha",,"Chironomidae","Chironominae","Tanytarsini",,"Stempellina","sp.",,"larva",2,,8,67,12,"N","N","condition OK","Y",,"Weiderholm, 1983; Weiderholm, 1986; Epler 2001; Ferrington et al. 2019; Andersen, Cranston and Epler 2013","Y","Rhithron Associates, Inc.","R. Spring",,
"cf674145-12d2-4d16-8d1f-f4c65e6d51f1","D18","OKSR","OKSR.AOS.reach","2019-08-12T23:02Z","2020-02-25","OKSR.20190812.KICKNET.3","A00000027889",,"CRISP6","Y","Cricotopus/Orthocladius sp.",,"speciesGroup","Arthropoda","Hexapoda","Insecta","Pterygota","Neoptera","Holometabola","Diptera","Nematocera","Culicomorpha",,"Chironomidae","Orthocladiinae",,,"Cricotopus/Orthocladius","sp.",,"larva",6,,12,70,17,"Y","N","condition OK","N",,"Weiderholm, 1983; Weiderholm, 1986; Epler 2001; Ferrington et al. 2008; Andersen, Cranston and Epler 2013","Y","Rhithron Associates, Inc.","A. Fasbender",,
"c0231f05-3c1f-49f4-a497-a14e139ae5b3","D18","OKSR","OKSR.AOS.reach","2019-08-12T23:02Z","2020-02-25","OKSR.20190812.SURBER.2","A00000028786",,"OSTSP","Y","Ostracoda sp.",,"class","Arthropoda","Crustacea","Ostracoda",,,,,,,,,,,,,"sp.",,"none",1,,1,100,1,"N","N","condition OK","Y",,"Thorp and Rogers 2016","N","Rhithron Associates, Inc.","B. Moore",,
"fbee89b0-6d53-432b-8d22-cb4430b05ce2","D18","OKSR","OKSR.AOS.reach","2019-08-12T23:02Z","2020-02-25","OKSR.20190812.SURBER.2","A00000028786",,"CORSP19","Y","Corynoneura sp.",,"genus","Arthropoda","Hexapoda","Insecta","Pterygota","Neoptera","Holometabola","Diptera","Nematocera","Culicomorpha",,"Chironomidae","Orthocladiinae",,,"Corynoneura","sp.",,"larva",2,,1,100,1,"N","N","condition OK","Y",,"Weiderholm, 1983; Weiderholm, 1986; Epler 2001; Ferrington et al. 2019; Andersen, Cranston and Epler 2013","N","Rhithron Associates, Inc.","A. Fasbender",,
"e47a0e4a-c7d8-4ece-9eef-497d3b7ac9b9","D18","OKSR","OKSR.AOS.reach","2019-08-12T23:02Z","2020-02-25","OKSR.20190812.KICKNET.5","A00000027887",,"ENCSP1","Y","Enchytraeidae sp.",,"family","Annelida","Clitellata","Oligochaeta","Oligochaeta",,,"Enchytraeida",,,,"Enchytraeidae",,,,,"sp.",,"none",6,,3,33,9,"N","N","condition OK","Y",,"Kathman and Brinkhurst, 1999","N","Rhithron Associates, Inc.","J. Webb",,
"c909a32d-a917-472e-aeaf-8d55ffa4d65d","D18","OKSR","OKSR.AOS.reach","2019-08-12T23:02Z","2020-02-25","OKSR.20190812.KICKNET.2","A00000027876",,"TVESP","Y","Tvetenia sp.",,"genus","Arthropoda","Hexapoda","Insecta","Pterygota","Neoptera","Holometabola","Diptera","Nematocera","Culicomorpha",,"Chironomidae","Orthocladiinae",,,"Tvetenia","sp.",,"larva",5,,1,100,1,"N","N","condition OK","Y",,"Weiderholm, 1983; Weiderholm, 1986; Epler 2001; Ferrington et al. 2019; Andersen, Cranston and Epler 2013","N","Rhithron Associates, Inc.","R. Spring",,
"a5f74643-cb54-4874-b71c-e3e1e22aaf9a","D18","OKSR","OKSR.AOS.reach","2019-08-12T23:02Z","2020-02-26","OKSR.20190812.KICKNET.3","A00000027889",,"OSTSP","Y","Ostracoda sp.",,"class","Arthropoda","Crustacea","Ostracoda",,,,,,,,,,,,,"sp.",,"none",1,,11,70,16,"N","N","condition OK","Y",,"Thorp and Rogers 2016","Y","Rhithron Associates, Inc.","B. Moore",,
"1838e5d9-4a7b-4b9b-a018-55957b115839","D18","OKSR","OKSR.AOS.reach","2019-08-12T23:02Z","2020-02-25","OKSR.20190812.KICKNET.5","A00000027887",,"NEOSP32","Y","Neozavrelia sp.",,"genus","Arthropoda","Hexapoda","Insecta","Pterygota","Neoptera","Holometabola","Diptera","Nematocera","Culicomorpha",,"Chironomidae","Orthocladiinae","Tanytarsini",,"Neozavrelia","sp.",,"larva",3,,1,33,3,"N","N","condition OK","Y",,"Weiderholm, 1983; Weiderholm, 1986; Epler 2001; Ferrington et al. 2019; Andersen, Cranston and Epler 2013","N","Rhithron Associates, Inc.","A. Fasbender",,
"e57d8bba-a648-43ae-8968-f84e6570c947","D18","OKSR","OKSR.AOS.reach","2019-08-12T23:02Z","2020-02-25","OKSR.20190812.KICKNET.4","A00000028774",,"TVESP","Y","Tvetenia sp.",,"genus","Arthropoda","Hexapoda","Insecta","Pterygota","Neoptera","Holometabola","Diptera","Nematocera","Culicomorpha",,"Chironomidae","Orthocladiinae",,,"Tvetenia","sp.",,"larva",5,,2,33,6,"N","N","condition OK","Y",,"Weiderholm, 1983; Weiderholm, 1986; Epler 2001; Ferrington et al. 2019; Andersen, Cranston and Epler 2013","N","Rhithron Associates, Inc.","A. Fasbender",,
"06efe29e-24a7-43ee-87c9-01a3ee0fc676","D18","OKSR","OKSR.AOS.reach","2019-08-12T23:02Z","2020-02-26","OKSR.20190812.KICKNET.3","A00000027889",,"NEMSP7","Y","Nemoura sp.",,"genus","Arthropoda","Hexapoda","Insecta","Pterygota","Neoptera","Polyneoptera","Plecoptera","Euholognatha",,,"Nemouridae","Nemourinae",,,"Nemoura","sp.",,"larva",4,,2,70,3,"N","N","condition OK","Y",,"Stewart and Stark 2002; Merritt et al. 2019","Y","Rhithron Associates, Inc.","B. Moore",,
"79880afd-c5fc-4ced-ace8-2cacca087ad8","D18","OKSR","OKSR.AOS.reach","2019-08-12T23:02Z","2020-02-25","OKSR.20190812.KICKNET.1","A00000028770",,"NEOSP32","Y","Neozavrelia sp.",,"genus","Arthropoda","Hexapoda","Insecta","Pterygota","Neoptera","Holometabola","Diptera","Nematocera","Culicomorpha",,"Chironomidae","Orthocladiinae","Tanytarsini",,"Neozavrelia","sp.",,"larva",1,,12,67,18,"N","N","condition OK","Y",,"Weiderholm, 1983; Weiderholm, 1986; Epler 2001; Ferrington et al. 2019; Andersen, Cranston and Epler 2013","Y","Rhithron Associates, Inc.","R. Spring",,
"f0da2098-2ce5-4979-a474-6a9dc1107297","D18","OKSR","OKSR.AOS.reach","2019-08-12T23:02Z","2020-02-26","OKSR.20190812.KICKNET.3","A00000027889",,"NEMSP7","Y","Nemoura sp.",,"genus","Arthropoda","Hexapoda","Insecta","Pterygota","Neoptera","Polyneoptera","Plecoptera","Euholognatha",,,"Nemouridae","Nemourinae",,,"Nemoura","sp.",,"larva",2,,26,70,37,"N","N","condition OK","Y",,"Stewart and Stark 2002; Merritt et al. 2019","Y","Rhithron Associates, Inc.","B. Moore",,
"0a8f7c9d-00da-4a1c-8e6b-e30006c2eeb0","D18","OKSR","OKSR.AOS.reach","2019-08-12T23:02Z","2020-02-25","OKSR.20190812.KICKNET.4","A00000028774",,"VALMER","Y","Valvata mergella",,"species","Mollusca",,"Gastropoda",,,,"Heterostropha",,,,"Valvatidae",,,,"Valvata","mergella",,"none",2,,15,33,45,"N","N","condition OK","Y",,"Burch 1989; Thorp and Rogers 2016","N","Rhithron Associates, Inc.","B. Moore",,
"42397739-6db5-4c7b-9a95-82ca027b0104","D18","OKSR","OKSR.AOS.reach","2019-08-12T23:02Z","2020-02-26","OKSR.20190812.KICKNET.3","A00000027889",,"TIPSP3","Y","Tipula sp.",,"genus","Arthropoda","Hexapoda","Insecta","Pterygota","Neoptera","Holometabola","Diptera","Nematocera","Tipulomorpha",,"Tipulidae","Tipulinae",,,"Tipula","sp.",,"larva",6,,1,70,1,"N","N","condition OK","Y",,"Gelhaus and Podeniene 2018; Merritt et al. 2019","Y","Rhithron Associates, Inc.","B. Moore",,
"e182bd61-3031-40a9-b79f-5c74b57bc6a9","D18","OKSR","OKSR.AOS.reach","2019-08-12T23:02Z","2020-02-25","OKSR.20190812.SURBER.3","A00000028792",,"STESP10","Y","Stempellinella sp.",,"genus","Arthropoda","Hexapoda","Insecta","Pterygota","Neoptera","Holometabola","Diptera","Nematocera","Culicomorpha",,"Chironomidae","Chironominae","Tanytarsini",,"Stempellinella","sp.",,"larva",1,,1,100,1,"N","N","condition OK","Y",,"Weiderholm, 1983; Weiderholm, 1986; Epler 2001; Ferrington et al. 2019; Andersen, Cranston and Epler 2013","N","Rhithron Associates, Inc.","A. Fasbender",,
"47a6fe39-e700-4e8e-a76f-344d93992e92","D18","OKSR","OKSR.AOS.reach","2019-08-12T23:02Z","2020-02-25","OKSR.20190812.KICKNET.2","A00000027876",,"NEOSP32","Y","Neozavrelia sp.",,"genus","Arthropoda","Hexapoda","Insecta","Pterygota","Neoptera","Holometabola","Diptera","Nematocera","Culicomorpha",,"Chironomidae","Orthocladiinae","Tanytarsini",,"Neozavrelia","sp.",,"larva",2,,8,100,8,"N","N","condition OK","Y",,"Weiderholm, 1983; Weiderholm, 1986; Epler 2001; Ferrington et al. 2019; Andersen, Cranston and Epler 2013","N","Rhithron Associates, Inc.","R. Spring",,
"2bb20c60-0400-424b-9c5f-c4c0b861c7f7","D18","OKSR","OKSR.AOS.reach","2019-08-12T23:02Z","2020-02-25","OKSR.20190812.KICKNET.5","A00000027887",,"RHESP2","Y","Rheotanytarsus sp.",,"genus","Arthropoda","Hexapoda","Insecta","Pterygota","Neoptera","Holometabola","Diptera","Nematocera","Culicomorpha",,"Chironomidae","Chironominae","Tanytarsini",,"Rheotanytarsus","sp.",,"larva",3,,1,33,3,"N","N","condition OK","Y",,"Weiderholm, 1983; Weiderholm, 1986; Epler 2001; Ferrington et al. 2019; Andersen, Cranston and Epler 2013","N","Rhithron Associates, Inc.","A. Fasbender",,
"6cd128de-f894-45f7-b156-e3f665a35c63","D18","OKSR","OKSR.AOS.reach","2019-08-12T23:02Z","2020-02-25","OKSR.20190812.SURBER.3","A00000028792",,"HYGSP2","Y","Hygrobates sp.",,"genus","Arthropoda","Chelicerata","Arachnida","Acari",,"Acariformes","Trombidiformes","Prostigmata",,"Hygrobatoidea","Hygrobatidae",,,,"Hygrobates","sp.",,"adult",1,,1,100,1,"N","N","condition OK","Y",,"Thorp and Rogers 2016","N","Rhithron Associates, Inc.","B. Moore",,
"8e50c39a-721d-4f6e-98f7-346141fad5ee","D18","OKSR","OKSR.AOS.reach","2019-08-12T23:02Z","2020-02-25","OKSR.20190812.SURBER.1","A00000028809",,"CAPSP2","Y","Capniidae sp.",,"family","Arthropoda","Hexapoda","Insecta","Pterygota","Neoptera","Polyneoptera","Plecoptera","Euholognatha",,,"Capniidae",,,,,"sp.",,"larva",3,,1,100,1,"Y","N","condition OK","Y",,"Stewart and Stark 2002; Merritt et al. 2019","N","Rhithron Associates, Inc.","B. Moore",,
"dc02c7d1-83bc-4c0a-b62a-88912616f48d","D18","OKSR","OKSR.AOS.reach","2019-08-12T23:02Z","2020-02-25","OKSR.20190812.KICKNET.3","A00000027889",,"STISP2","Y","Stictochironomus sp.",,"genus","Arthropoda","Hexapoda","Insecta","Pterygota","Neoptera","Holometabola","Diptera","Nematocera","Culicomorpha",,"Chironomidae","Chironominae","Chironomini",,"Stictochironomus","sp.",,"larva",8,,1,70,1,"N","N","condition OK","Y",,"Weiderholm, 1983; Weiderholm, 1986; Epler 2001; Ferrington et al. 2019; Andersen, Cranston and Epler 2013","Y","Rhithron Associates, Inc.","A. Fasbender",,
"b70e4d49-ef72-4777-a638-69dc114ad20b","D18","OKSR","OKSR.AOS.reach","2019-08-12T23:02Z","2020-02-25","OKSR.20190812.KICKNET.2","A00000027876",,"CAPSP2","Y","Capniidae sp.",,"family","Arthropoda","Hexapoda","Insecta","Pterygota","Neoptera","Polyneoptera","Plecoptera","Euholognatha",,,"Capniidae",,,,,"sp.",,"larva",3,,2,100,2,"Y","N","condition OK","Y",,"Stewart and Stark 2002; Merritt et al. 2019","N","Rhithron Associates, Inc.","B. Moore",,
"d0217615-ea33-4546-a7a8-ab9b4376e9be","D18","OKSR","OKSR.AOS.reach","2019-08-12T23:02Z","2020-02-25","OKSR.20190812.SURBER.1","A00000028809",,"PHASP9","Y","Phaenopsectra sp.",,"genus","Arthropoda","Hexapoda","Insecta","Pterygota","Neoptera","Holometabola","Diptera","Nematocera","Culicomorpha",,"Chironomidae","Chironominae","Chironomini",,"Phaenopsectra","sp.",,"larva",7,,1,100,1,"N","N","condition OK","Y",,"Weiderholm, 1983; Weiderholm, 1986; Epler 2001; Ferrington et al. 2019; Andersen, Cranston and Epler 2013","N","Rhithron Associates, Inc.","A. Fasbender",,
"57106036-85af-4b30-b926-3686fdfd52fb","D18","OKSR","OKSR.AOS.reach","2019-08-12T23:02Z","2020-02-25","OKSR.20190812.KICKNET.5","A00000027887",,"STESP9","Y","Stempellina sp.",,"genus","Arthropoda","Hexapoda","Insecta","Pterygota","Neoptera","Holometabola","Diptera","Nematocera","Culicomorpha",,"Chironomidae","Chironominae","Tanytarsini",,"Stempellina","sp.",,"larva",1,,25,33,76,"N","N","condition OK","Y",,"Weiderholm, 1983; Weiderholm, 1986; Epler 2001; Ferrington et al. 2019; Andersen, Cranston and Epler 2013","N","Rhithron Associates, Inc.","A. Fasbender",,
"3fe7d935-5f64-4213-b51c-de7f51655622","D18","OKSR","OKSR.AOS.reach","2019-08-12T23:02Z","2020-02-25","OKSR.20190812.KICKNET.2","A00000027876",,"NEOSP30","Y","Neoplasta sp.",,"genus","Arthropoda","Hexapoda","Insecta","Pterygota","Neoptera","Holometabola","Diptera","Brachycera","Muscomorpha",,"Empididae","Hemerodromiinae","Hemerodromiini",,"Neoplasta","sp.",,"larva",1,,2,100,2,"N","N","condition OK","Y",,"Merritt et al. 2019","N","Rhithron Associates, Inc.","B. Moore",,
"ddfbcdec-2a65-42f1-92c0-188bbda0de14","D18","OKSR","OKSR.AOS.reach","2019-08-12T23:02Z","2020-02-25","OKSR.20190812.SURBER.3","A00000028792",,"ORTSP3","Y","Orthocladius sp.",,"genus","Arthropoda","Hexapoda","Insecta","Pterygota","Neoptera","Holometabola","Diptera","Nematocera","Culicomorpha",,"Chironomidae","Orthocladiinae",,,"Orthocladius","sp.",,"larva",2,,1,100,1,"N","N","condition OK","Y",,"Weiderholm, 1983; Weiderholm, 1986; Epler 2001; Ferrington et al. 2019; Andersen, Cranston and Epler 2013","N","Rhithron Associates, Inc.","A. Fasbender",,
"1c50c212-5b98-4bdb-bc99-ce107cca943a","D18","OKSR","OKSR.AOS.reach","2019-08-12T23:02Z","2020-02-25","OKSR.20190812.KICKNET.2","A00000027876",,"TIPSP3","Y","Tipula sp.",,"genus","Arthropoda","Hexapoda","Insecta","Pterygota","Neoptera","Holometabola","Diptera","Nematocera","Tipulomorpha",,"Tipulidae","Tipulinae",,,"Tipula","sp.",,"larva",8,,1,100,1,"N","N","condition OK","Y",,"Gelhaus and Podeniene 2018; Merritt et al. 2019","N","Rhithron Associates, Inc.","B. Moore",,
"6567e46b-8954-4b51-b7dc-72dec8a57eff","D18","OKSR","OKSR.AOS.reach","2019-08-12T23:02Z","2020-02-25","OKSR.20190812.SURBER.3","A00000028792",,"NEOSP32","Y","Neozavrelia sp.",,"genus","Arthropoda","Hexapoda","Insecta","Pterygota","Neoptera","Holometabola","Diptera","Nematocera","Culicomorpha",,"Chironomidae","Orthocladiinae","Tanytarsini",,"Neozavrelia","sp.",,"larva",2,,40,100,40,"N","N","condition OK","Y",,"Weiderholm, 1983; Weiderholm, 1986; Epler 2001; Ferrington et al. 2019; Andersen, Cranston and Epler 2013","N","Rhithron Associates, Inc.","A. Fasbender",,
"84d04d0c-d4fc-499d-9fa7-e3aa793c8ad1","D18","OKSR","OKSR.AOS.reach","2019-08-12T23:02Z","2020-02-25","OKSR.20190812.KICKNET.5","A00000027887",,"ENCSP1","Y","Enchytraeidae sp.",,"family","Annelida","Clitellata","Oligochaeta","Oligochaeta",,,"Enchytraeida",,,,"Enchytraeidae",,,,,"sp.",,"none",3,,2,33,6,"N","N","condition OK","Y",,"Kathman and Brinkhurst, 1999","N","Rhithron Associates, Inc.","J. Webb",,
"78f4ae8d-76a8-4f96-930c-d3d5afe0bd45","D18","OKSR","OKSR.AOS.reach","2019-08-12T23:02Z","2020-02-25","OKSR.20190812.SURBER.2","A00000028786",,"DIASP8","Y","Diamesa sp.",,"genus","Arthropoda","Hexapoda","Insecta","Pterygota","Neoptera","Holometabola","Diptera","Nematocera","Culicomorpha",,"Chironomidae","Diamesinae","Diamesini",,"Diamesa","sp.",,"larva",1,,2,100,2,"N","N","condition OK","Y",,"Weiderholm, 1983; Weiderholm, 1986; Epler 2001; Ferrington et al. 2019; Andersen, Cranston and Epler 2013","N","Rhithron Associates, Inc.","A. Fasbender",,
"aa95aaed-4194-4c65-8dee-fb28239d5666","D18","OKSR","OKSR.AOS.reach","2019-08-12T23:02Z","2020-02-26","OKSR.20190812.KICKNET.3","A00000027889",,"HYGSP2","Y","Hygrobates sp.",,"genus","Arthropoda","Chelicerata","Arachnida","Acari",,"Acariformes","Trombidiformes","Prostigmata",,"Hygrobatoidea","Hygrobatidae",,,,"Hygrobates","sp.",,"adult",1,,2,70,3,"N","N","condition OK","Y",,"Thorp and Rogers 2016","Y","Rhithron Associates, Inc.","B. Moore",,
"f3ba14bf-2454-447b-9709-b6d0926ba2c6","D18","OKSR","OKSR.AOS.reach","2019-08-12T23:02Z","2020-02-25","OKSR.20190812.SURBER.2","A00000028786",,"CAPSP2","Y","Capniidae sp.",,"family","Arthropoda","Hexapoda","Insecta","Pterygota","Neoptera","Polyneoptera","Plecoptera","Euholognatha",,,"Capniidae",,,,,"sp.",,"larva",3,,2,100,2,"Y","N","condition OK","Y",,"Stewart and Stark 2002; Merritt et al. 2019","N","Rhithron Associates, Inc.","B. Moore",,
"9df333a4-0277-4c2f-9258-f9057041a863","D18","OKSR","OKSR.AOS.reach","2019-08-12T23:02Z","2020-02-25","OKSR.20190812.KICKNET.4","A00000028774",,"RHESP2","Y","Rheotanytarsus sp.",,"genus","Arthropoda","Hexapoda","Insecta","Pterygota","Neoptera","Holometabola","Diptera","Nematocera","Culicomorpha",,"Chironomidae","Chironominae","Tanytarsini",,"Rheotanytarsus","sp.",,"larva",1,,1,33,3,"N","N","condition OK","Y",,"Weiderholm, 1983; Weiderholm, 1986; Epler 2001; Ferrington et al. 2019; Andersen, Cranston and Epler 2013","N","Rhithron Associates, Inc.","A. Fasbender",,
"24f46ef2-95da-4bf8-b92f-527b13488ab2","D18","OKSR","OKSR.AOS.reach","2019-08-12T23:02Z","2020-02-25","OKSR.20190812.KICKNET.4","A00000028774",,"NEMSP7","Y","Nemoura sp.",,"genus","Arthropoda","Hexapoda","Insecta","Pterygota","Neoptera","Polyneoptera","Plecoptera","Euholognatha",,,"Nemouridae","Nemourinae",,,"Nemoura","sp.",,"larva",5,,1,33,3,"N","N","condition OK","Y",,"Stewart and Stark 2002; Merritt et al. 2019","N","Rhithron Associates, Inc.","B. Moore",,
"d186e0be-be0d-49c6-aa82-337dd369937e","D18","OKSR","OKSR.AOS.reach","2019-08-12T23:02Z","2020-02-25","OKSR.20190812.KICKNET.2","A00000027876",,"PSESP19","Y","Psectrocladius sp.",,"genus","Arthropoda","Hexapoda","Insecta","Pterygota","Neoptera","Holometabola","Diptera","Nematocera","Culicomorpha",,"Chironomidae","Orthocladiinae",,,"Psectrocladius","sp.",,"larva",4,,1,100,1,"N","N","condition OK","Y",,"Weiderholm, 1983; Weiderholm, 1986; Epler 2001; Ferrington et al. 2019; Andersen, Cranston and Epler 2013","N","Rhithron Associates, Inc.","R. Spring",,
"641cb5a6-7f63-42ee-91e8-82d020422c40","D18","OKSR","OKSR.AOS.reach","2019-08-12T23:02Z","2020-02-25","OKSR.20190812.KICKNET.4","A00000028774",,"PISSP4","Y","Pisidium sp.",,"genus","Mollusca",,"Bivalvia","Heterodonta",,,"Veneroida",,,"Corbiculoidea","Pisidiidae",,,,"Pisidium","sp.",,"none",2,,2,33,6,"N","N","condition OK","Y",,"Burch 1989; Mackie, 2007; Thorp and Rogers 2016","N","Rhithron Associates, Inc.","B. Moore",,
"1fd6d01f-fcd9-48a4-b617-4052ff956805","D18","OKSR","OKSR.AOS.reach","2019-08-12T23:02Z","2020-02-26","OKSR.20190812.KICKNET.5","A00000027887",,"CINSP1","Y","Cinygmula sp.",,"genus","Arthropoda","Hexapoda","Insecta","Pterygota","Palaeoptera",,"Ephemeroptera","Pisciforma",,"Heptagenioidea","Heptageniidae",,,,"Cinygmula","sp.",,"larva",5,,2,33,6,"N","N","condition OK","Y",,"Merritt et al. 2019","N","Rhithron Associates, Inc.","S. Sullivan",,
"6a37a90c-06e9-418a-9e84-bbe31185a6c1","D18","OKSR","OKSR.AOS.reach","2019-08-12T23:02Z","2020-02-25","OKSR.20190812.SURBER.3","A00000028792",,"HYDSP52","Y","Hydrosmittia sp.",,"genus","Arthropoda",,"Insecta","Pterygota","Neoptera",,"Diptera","Nematocera","Culicomorpha","Chironomoidea","Chironomidae","Orthocladiinae",,,"Hydrosmittia","sp.",,"larva",3,,10,100,10,"N","N","condition OK","Y",,"Weiderholm, 1983; Weiderholm, 1986; Epler 2001; Ferrington et al. 2019; Andersen, Cranston and Epler 2013","N","Rhithron Associates, Inc.","A. Fasbender",,
"7cc855db-96cd-43ed-990d-d6e9343fb638","D18","OKSR","OKSR.AOS.reach","2019-08-12T23:02Z","2020-02-25","OKSR.20190812.KICKNET.2","A00000027876",,"CINSP1","Y","Cinygmula sp.",,"genus","Arthropoda","Hexapoda","Insecta","Pterygota","Palaeoptera",,"Ephemeroptera","Pisciforma",,"Heptagenioidea","Heptageniidae",,,,"Cinygmula","sp.",,"larva",2,,3,100,3,"N","N","condition OK","Y",,"Merritt et al. 2019","N","Rhithron Associates, Inc.","B. Moore",,
"a04d61bc-79cd-4863-bbf6-f060f3b26ee6","D18","OKSR","OKSR.AOS.reach","2019-08-12T23:02Z","2020-02-25","OKSR.20190812.KICKNET.4","A00000028774",,"SPESP4","Y","Sperchon sp.",,"genus","Arthropoda","Chelicerata","Arachnida","Acari",,"Acariformes","Trombidiformes","Prostigmata",,"Lebertioidea","Sperchontidae",,,,"Sperchon","sp.",,"adult",1,,1,33,3,"N","N","condition OK","Y",,"Thorp and Rogers 2016","N","Rhithron Associates, Inc.","B. Moore",,
"bf10d25c-1f75-47f8-a559-dcaadbd1b900","D18","OKSR","OKSR.AOS.reach","2019-08-12T23:02Z","2020-02-25","OKSR.20190812.KICKNET.4","A00000028774",,"OSTSP","Y","Ostracoda sp.",,"class","Arthropoda","Crustacea","Ostracoda",,,,,,,,,,,,,"sp.",,"none",1,,2,33,6,"N","N","condition OK","Y",,"Thorp and Rogers 2016","N","Rhithron Associates, Inc.","B. Moore",,
"ae0ea72a-ac38-4982-a3b5-1f8918609d33","D18","OKSR","OKSR.AOS.reach","2019-08-12T23:02Z","2020-02-25","OKSR.20190812.KICKNET.1","A00000028770",,"STISP2","Y","Stictochironomus sp.",,"genus","Arthropoda","Hexapoda","Insecta","Pterygota","Neoptera","Holometabola","Diptera","Nematocera","Culicomorpha",,"Chironomidae","Chironominae","Chironomini",,"Stictochironomus","sp.",,"larva",2,,1,67,1,"N","N","condition OK","Y",,"Weiderholm, 1983; Weiderholm, 1986; Epler 2001; Ferrington et al. 2019; Andersen, Cranston and Epler 2013","Y","Rhithron Associates, Inc.","R. Spring",,
"941fc2a5-8c3d-4e88-b27b-3dd6e46414da","D18","OKSR","OKSR.AOS.reach","2019-08-12T23:02Z","2020-02-25","OKSR.20190812.KICKNET.1","A00000028770",,"LUMSP2","Y","Lumbriculidae sp.",,"family","Annelida","Clitellata","Oligochaeta","Oligochaeta",,,"Lumbriculida",,,,"Lumbriculidae",,,,,"sp.",,"none",6,,2,67,3,"Y","N","condition OK","Y",,"Kathman and Brinkhurst, 1999","Y","Rhithron Associates, Inc.","J. Webb","11 w/proboscis, 4w/out",
"7e466154-5d07-4ffc-989a-c2b1cc781e21","D18","OKSR","OKSR.AOS.reach","2019-08-12T23:02Z","2020-02-25","OKSR.20190812.KICKNET.4","A00000028774",,"PSESP19","Y","Psectrocladius sp.",,"genus","Arthropoda","Hexapoda","Insecta","Pterygota","Neoptera","Holometabola","Diptera","Nematocera","Culicomorpha",,"Chironomidae","Orthocladiinae",,,"Psectrocladius","sp.",,"larva",8,,1,33,3,"N","N","condition OK","Y",,"Weiderholm, 1983; Weiderholm, 1986; Epler 2001; Ferrington et al. 2019; Andersen, Cranston and Epler 2013","N","Rhithron Associates, Inc.","A. Fasbender",,
"d1efa432-e664-469a-bb8d-86082b577f0a","D18","OKSR","OKSR.AOS.reach","2019-08-12T23:02Z","2020-02-25","OKSR.20190812.SURBER.1","A00000028809",,"KRESP1","Y","Krenosmittia sp.",,"genus","Arthropoda","Hexapoda","Insecta","Pterygota","Neoptera","Holometabola","Diptera","Nematocera","Culicomorpha",,"Chironomidae","Orthocladiinae",,,"Krenosmittia","sp.",,"larva",3,,4,100,4,"N","N","condition OK","Y",,"Weiderholm, 1983; Weiderholm, 1986; Epler 2001; Ferrington et al. 2019; Andersen, Cranston and Epler 2013","N","Rhithron Associates, Inc.","A. Fasbender",,
"7088c924-192e-4f1d-9e10-228947991799","D18","OKSR","OKSR.AOS.reach","2019-08-12T23:02Z","2020-02-25","OKSR.20190812.KICKNET.3","A00000027889",,"HYDSP52","Y","Hydrosmittia sp.",,"genus","Arthropoda",,"Insecta","Pterygota","Neoptera",,"Diptera","Nematocera","Culicomorpha","Chironomoidea","Chironomidae","Orthocladiinae",,,"Hydrosmittia","sp.",,"larva",3,,3,70,4,"N","N","condition OK","Y",,"Weiderholm, 1983; Weiderholm, 1986; Epler 2001; Ferrington et al. 2019; Andersen, Cranston and Epler 2013","Y","Rhithron Associates, Inc.","A. Fasbender",,
"adb4149b-b63a-40b9-8f7e-84746d1a24b2","D18","OKSR","OKSR.AOS.reach","2019-08-12T23:02Z","2020-02-25","OKSR.20190812.KICKNET.1","A00000028770",,"CLASP6","Y","Cladotanytarsus sp.",,"genus","Arthropoda","Hexapoda","Insecta","Pterygota","Neoptera","Holometabola","Diptera","Nematocera","Culicomorpha",,"Chironomidae","Chironominae","Tanytarsini",,"Cladotanytarsus","sp.",,"larva",3,,3,67,4,"N","N","condition OK","Y",,"Weiderholm, 1983; Weiderholm, 1986; Epler 2001; Ferrington et al. 2019; Andersen, Cranston and Epler 2013","Y","Rhithron Associates, Inc.","R. Spring",,
"cb411835-ebd8-467a-bcfc-9cedc3e9637b","D18","OKSR","OKSR.AOS.reach","2019-08-12T23:02Z","2020-02-25","OKSR.20190812.KICKNET.4","A00000028774",,"BRAAME","Y","Brachycentrus americanus",,"species","Arthropoda","Hexapoda","Insecta","Pterygota","Neoptera","Holometabola","Trichoptera",,,"Limnephiloidea","Brachycentridae",,,,"Brachycentrus","americanus",,"larva",6,,1,33,3,"N","N","condition OK","Y",,"Flint 1984","N","Rhithron Associates, Inc.","B. Moore",,
"68c8b14f-b50c-474f-a052-b727a93318d1","D18","OKSR","OKSR.AOS.reach","2019-08-12T23:02Z","2020-02-25","OKSR.20190812.KICKNET.2","A00000027876",,"CLASP6","Y","Cladotanytarsus sp.",,"genus","Arthropoda","Hexapoda","Insecta","Pterygota","Neoptera","Holometabola","Diptera","Nematocera","Culicomorpha",,"Chironomidae","Chironominae","Tanytarsini",,"Cladotanytarsus","sp.",,"larva",1,,6,100,6,"N","N","condition OK","Y",,"Weiderholm, 1983; Weiderholm, 1986; Epler 2001; Ferrington et al. 2019; Andersen, Cranston and Epler 2013","N","Rhithron Associates, Inc.","R. Spring",,
"eda250aa-17d6-4f42-b958-a7e7dd204e4a","D18","OKSR","OKSR.AOS.reach","2019-08-12T23:02Z","2020-02-25","OKSR.20190812.SURBER.3","A00000028792",,"ORTSP1","Y","Orthocladiinae sp.",,"subfamily","Arthropoda","Hexapoda","Insecta","Pterygota","Neoptera","Holometabola","Diptera","Nematocera","Culicomorpha",,"Chironomidae","Orthocladiinae",,,,"sp.",,"pupa",1,,1,100,1,"N","N","damaged, affecting taxonomy and measurement","N",,"Weiderholm, 1983; Weiderholm, 1986; Epler 2001; Ferrington et al. 2019; Andersen, Cranston and Epler 2013","N","Rhithron Associates, Inc.","A. Fasbender",,
"97d143ad-28a3-42cb-b568-8c6050fda076","D18","OKSR","OKSR.AOS.reach","2019-08-12T23:02Z","2020-02-25","OKSR.20190812.SURBER.3","A00000028792",,"CRISP6","Y","Cricotopus/Orthocladius sp.",,"speciesGroup","Arthropoda","Hexapoda","Insecta","Pterygota","Neoptera","Holometabola","Diptera","Nematocera","Culicomorpha",,"Chironomidae","Orthocladiinae",,,"Cricotopus/Orthocladius","sp.",,"larva",6,,1,100,1,"Y","N","condition OK","N",,"Weiderholm, 1983; Weiderholm, 1986; Epler 2001; Ferrington et al. 2008; Andersen, Cranston and Epler 2013","N","Rhithron Associates, Inc.","A. Fasbender",,
"1d6460a8-2d4a-4017-bcf5-9f73560f3f79","D18","OKSR","OKSR.AOS.reach","2019-08-12T23:02Z","2020-02-25","OKSR.20190812.SURBER.3","A00000028792",,"EUKGRA","Y","Eukiefferiella gracei gr.",,"speciesGroup","Arthropoda","Hexapoda","Insecta","Pterygota","Neoptera","Holometabola","Diptera","Nematocera","Culicomorpha",,"Chironomidae","Orthocladiinae",,,"Eukiefferiella","gracei gr.",,"larva",2,,6,100,6,"N","N","condition OK","Y",,"Weiderholm, 1983; Bode, 1983; Weiderholm, 1986; Epler 2001; Ferrington et al. 2019; Andersen, Cranston and Epler 2013","N","Rhithron Associates, Inc.","A. Fasbender",,
"5edc80ba-7d24-4621-af1d-200a21d27b92","D18","OKSR","OKSR.AOS.reach","2019-08-12T23:02Z","2020-02-25","OKSR.20190812.KICKNET.3","A00000027889",,"STESP9","Y","Stempellina sp.",,"genus","Arthropoda","Hexapoda","Insecta","Pterygota","Neoptera","Holometabola","Diptera","Nematocera","Culicomorpha",,"Chironomidae","Chironominae","Tanytarsini",,"Stempellina","sp.",,"larva",1,,28,70,40,"N","N","condition OK","Y",,"Weiderholm, 1983; Weiderholm, 1986; Epler 2001; Ferrington et al. 2019; Andersen, Cranston and Epler 2013","Y","Rhithron Associates, Inc.","A. Fasbender",,
"bd865fa0-66c6-4503-b352-23621838e32a","D18","OKSR","OKSR.AOS.reach","2019-08-12T23:02Z","2020-02-25","OKSR.20190812.SURBER.2","A00000028786",,"CRISP6","Y","Cricotopus/Orthocladius sp.",,"speciesGroup","Arthropoda","Hexapoda","Insecta","Pterygota","Neoptera","Holometabola","Diptera","Nematocera","Culicomorpha",,"Chironomidae","Orthocladiinae",,,"Cricotopus/Orthocladius","sp.",,"larva",5,,1,100,1,"Y","N","condition OK","Y",,"Weiderholm, 1983; Weiderholm, 1986; Epler 2001; Ferrington et al. 2008; Andersen, Cranston and Epler 2013","N","Rhithron Associates, Inc.","A. Fasbender",,
"922dcf73-6bb6-4b1d-bc5e-34663436713c","D18","OKSR","OKSR.AOS.reach","2019-08-12T23:02Z","2020-02-26","OKSR.20190812.KICKNET.5","A00000027887",,"HYGSP","Y","Hygrobatidae sp.",,"family","Arthropoda","Chelicerata","Arachnida","Acari",,"Acariformes","Trombidiformes","Prostigmata",,"Hygrobatoidea","Hygrobatidae",,,,,"sp.",,"larva",1,,4,33,12,"N","N","condition OK","N",,"Thorp and Rogers 2016","N","Rhithron Associates, Inc.","S. Sullivan",,
"478d32f4-63d4-4153-b063-89a14387d862","D18","OKSR","OKSR.AOS.reach","2019-08-12T23:02Z","2020-02-25","OKSR.20190812.KICKNET.4","A00000028774",,"CLASP6","Y","Cladotanytarsus sp.",,"genus","Arthropoda","Hexapoda","Insecta","Pterygota","Neoptera","Holometabola","Diptera","Nematocera","Culicomorpha",,"Chironomidae","Chironominae","Tanytarsini",,"Cladotanytarsus","sp.",,"larva",1,,4,33,12,"N","N","condition OK","Y",,"Weiderholm, 1983; Weiderholm, 1986; Epler 2001; Ferrington et al. 2019; Andersen, Cranston and Epler 2013","N","Rhithron Associates, Inc.","A. Fasbender",,
"e72cddb0-91fc-4edf-9c80-ddcb9cbde4f7","D18","OKSR","OKSR.AOS.reach","2019-08-12T23:02Z","2020-02-25","OKSR.20190812.SURBER.2","A00000028786",,"LUMSP2","Y","Lumbriculidae sp.",,"family","Annelida","Clitellata","Oligochaeta","Oligochaeta",,,"Lumbriculida",,,,"Lumbriculidae",,,,,"sp.",,"none",6,,5,100,5,"Y","N","condition OK","Y",,"Kathman and Brinkhurst, 1999","N","Rhithron Associates, Inc.","J. Webb","w/proboscis",
"30aaf4ae-69a1-4dd2-b3a3-20eb9bd15f64","D18","OKSR","OKSR.AOS.reach","2019-08-12T23:02Z","2020-02-25","OKSR.20190812.SURBER.1","A00000028809",,"ALAOVI","Y","Alaskaperla ovibovis",,"species","Arthropoda","Hexapoda","Insecta","Pterygota","Neoptera","Polyneoptera","Plecoptera","Systellognatha",,,"Chloroperlidae","Chloroperlinae",,,"Alaskaperla","ovibovis",,"larva",3,,1,100,1,"N","N","condition OK","Y",,"Stewart and Stark 2002; Merritt et al. 2019; Morse et al. 2017","N","Rhithron Associates, Inc.","B. Moore",,
"4db20ded-989c-4023-861c-bfc2bdddbcbc","D18","OKSR","OKSR.AOS.reach","2019-08-12T23:02Z","2020-02-25","OKSR.20190812.KICKNET.2","A00000027876",,"ORTSP3","Y","Orthocladius sp.",,"genus","Arthropoda","Hexapoda","Insecta","Pterygota","Neoptera","Holometabola","Diptera","Nematocera","Culicomorpha",,"Chironomidae","Orthocladiinae",,,"Orthocladius","sp.",,"larva",6,,2,100,2,"N","N","condition OK","Y",,"Weiderholm, 1983; Weiderholm, 1986; Epler 2001; Ferrington et al. 2019; Andersen, Cranston and Epler 2013","N","Rhithron Associates, Inc.","R. Spring",,
"e9548b32-d58d-458f-87ab-a9fd0a926183","D18","OKSR","OKSR.AOS.reach","2019-08-12T23:02Z","2020-02-25","OKSR.20190812.SURBER.3","A00000028792",,"LUMSP2","Y","Lumbriculidae sp.",,"family","Annelida","Clitellata","Oligochaeta","Oligochaeta",,,"Lumbriculida",,,,"Lumbriculidae",,,,,"sp.",,"none",12,,1,100,1,"Y","N","condition OK","Y",,"Kathman and Brinkhurst, 1999","N","Rhithron Associates, Inc.","J. Webb","w/proboscis",
"c54c8392-1d14-43d9-b62e-374a51b09009","D18","OKSR","OKSR.AOS.reach","2019-08-12T23:02Z","2020-02-25","OKSR.20190812.SURBER.2","A00000028786",,"TIPSP3","Y","Tipula sp.",,"genus","Arthropoda","Hexapoda","Insecta","Pterygota","Neoptera","Holometabola","Diptera","Nematocera","Tipulomorpha",,"Tipulidae","Tipulinae",,,"Tipula","sp.",,"larva",6,,1,100,1,"N","N","condition OK","Y",,"Gelhaus and Podeniene 2018; Merritt et al. 2019","N","Rhithron Associates, Inc.","B. Moore",,
