uid,domainID,siteID,namedLocation,collectDate,identifiedDate,sampleID,sampleCode,slideID,acceptedTaxonID,targetTaxaPresent,scientificName,morphospeciesID,taxonRank,phylum,subphylum,class,subclass,infraclass,superorder,order,suborder,infraorder,superfamily,family,subfamily,tribe,subtribe,genus,specificEpithet,infraspecificEpithet,invertebrateLifeStage,sizeClass,sizeCategory,individualCount,subsamplePercent,estimatedTotalCount,immatureSpecimen,indeterminateSpecies,sampleCondition,distinctTaxon,identificationQualifier,identificationReferences,qcChecked,laboratoryName,identifiedBy,identificationRemarks,dataQF
"dd374e91-332f-4c10-8848-2485e8d0938e","D06","MCDI","MCDI.AOS.reach","2019-10-04T14:02Z","2020-04-03","MCDI.20191004.SURBER.1","D00000057258",,"HEMSP4","Y","Hemerodromia sp.",,"genus","Arthropoda","Hexapoda","Insecta","Pterygota","Neoptera","Holometabola","Diptera","Brachycera","Muscomorpha",,"Empididae","Hemerodromiinae","Hemerodromiini",,"Hemerodromia","sp.",,"larva",1,,1,30,3,"N","N","condition OK","Y",,"Merritt et al. 2019","N","Rhithron Associates, Inc.","B. Moore",,
"2b5bb57e-362c-4f42-95bb-42a60504429d","D06","MCDI","MCDI.AOS.reach","2019-10-04T14:02Z","2020-04-03","MCDI.20191004.SURBER.3","D00000057260",,"CHESP5","Y","Cheumatopsyche sp.",,"genus","Arthropoda","Hexapoda","Insecta","Pterygota","Neoptera","Holometabola","Trichoptera",,,"Hydropsychoidea","Hydropsychidae","Hydropsychinae",,,"Cheumatopsyche","sp.",,"larva",2,,46,50,92,"N","N","condition OK","Y",,"Flint et al. 2004; Wiggins 1996; Merritt et al. 2019","N","Rhithron Associates, Inc.","B. Moore",,
"0ebd7c16-5f7e-4edf-a6a3-cab143713684","D06","MCDI","MCDI.AOS.reach","2019-10-04T14:02Z","2020-04-03","MCDI.20191004.SURBER.3","D00000057260",,"STESP6","Y","Stenelmis sp.",,"genus","Arthropoda","Hexapoda","Insecta","Pterygota","Neoptera","Holometabola","Coleoptera","Polyphaga","Elateriformia","Byrrhoidea","Elmidae","Elminae","Elmini",,"Stenelmis","sp.",,"larva",1,,1,50,2,"N","N","condition OK","Y",,"Brown 1972; Merritt et al. 2019","N","Rhithron Associates, Inc.","B. Moore",,
"307398be-6b61-4aa3-9830-e93f3882118a","D06","MCDI","MCDI.AOS.reach","2019-10-04T14:02Z","2020-04-02","MCDI.20191004.CORE.4","D00000057263",,"CAESP5","Y","Caenis sp.",,"genus","Arthropoda","Hexapoda","Insecta","Pterygota","Palaeoptera",,"Ephemeroptera","Furcatergalia","Pannota","Caenoidea","Caenidae","Caeninae",,,"Caenis","sp.",,"larva",1,,2,100,2,"Y","N","condition OK","Y",,"Provonsha 1990","Y","Rhithron Associates, Inc.","B. Moore",,
"b3f5336d-be98-4d88-98b6-44d8238572c7","D06","MCDI","MCDI.AOS.reach","2019-10-04T14:02Z","2020-04-09","MCDI.20191004.SURBER.3","D00000057260",,"PENSP7","Y","Pentaneura sp.",,"genus","Arthropoda","Hexapoda","Insecta","Pterygota","Neoptera","Holometabola","Diptera","Nematocera","Culicomorpha",,"Chironomidae","Tanypodinae","Pentaneurini",,"Pentaneura","sp.",,"larva",4,,1,50,2,"N","N","condition OK","Y",,"Weiderholm, 1983; Weiderholm, 1986; Epler 2001; Ferrington et al. 2019; Andersen, Cranston and Epler 2013","N","Rhithron Associates, Inc.","R. Spring",,
"3f040566-bdc7-453a-99dc-0b2db8948f0b","D06","MCDI","MCDI.AOS.reach","2019-10-04T14:02Z","2020-04-09","MCDI.20191004.SURBER.2","D00000057259",,"RHEEXI","Y","Rheotanytarsus exiguus gr.",,"speciesGroup","Arthropoda","Hexapoda","Insecta","Pterygota","Neoptera","Holometabola","Diptera","Nematocera","Culicomorpha",,"Chironomidae","Chironominae","Tanytarsini",,"Rheotanytarsus","exiguus gr.",,"larva",2,,10,33,30,"N","N","condition OK","Y",,"Weiderholm, 1983; Weiderholm, 1986; Epler 2001; Ferrington et al. 2008; Andersen, Cranston and Epler 2013","N","Rhithron Associates, Inc.","R. Spring",,
"ae668346-5334-4a67-a1a5-23c590576f47","D06","MCDI","MCDI.AOS.reach","2019-10-04T14:02Z","2020-04-03","MCDI.20191004.SURBER.3","D00000057260",,"SIMSP1","Y","Simulium sp.",,"genus","Arthropoda","Hexapoda","Insecta","Pterygota","Neoptera","Holometabola","Diptera","Nematocera","Culicomorpha",,"Simuliidae","Simuliinae","Simuliini",,"Simulium","sp.",,"larva",4,,1,50,2,"N","N","condition OK","Y",,"Adler et al. 2004; Merritt et al. 2019","N","Rhithron Associates, Inc.","B. Moore",,
"40d07edb-d401-41ed-9032-c3d7cd96eef6","D06","MCDI","MCDI.AOS.reach","2019-10-04T14:02Z","2020-04-03","MCDI.20191004.SURBER.1","D00000057258",,"STEFEM","Y","Stenonema femoratum",,"species","Arthropoda","Hexapoda","Insecta","Pterygota","Palaeoptera",,"Ephemeroptera","Pisciforma",,"Heptagenioidea","Heptageniidae",,,,"Stenonema","femoratum",,"larva",1,,23,30,77,"N","N","condition OK","Y",,"Liechti 1978; Wang and McCafferty 2004; Webb and McCafferty 2008; Merritt et al. 2019","N","Rhithron Associates, Inc.","B. Moore",,
"a0d64a51-9d28-424b-b161-45b312260c91","D06","MCDI","MCDI.AOS.reach","2019-10-04T14:02Z","2020-04-03","MCDI.20191004.SURBER.1","D00000057258",,"TORSP6","Y","Torrenticola sp.",,"genus","Arthropoda","Chelicerata","Arachnida","Acari",,"Acariformes","Trombidiformes","Prostigmata",,"Lebertioidea","Torrenticolidae",,,,"Torrenticola","sp.",,"adult",1,,2,30,7,"N","N","condition OK","Y",,"Thorp and Rogers 2016","N","Rhithron Associates, Inc.","B. Moore",,
"1130f8a7-9910-4e7a-a56d-9972c1992a68","D06","MCDI","MCDI.AOS.reach","2019-10-04T14:02Z","2020-04-03","MCDI.20191004.SURBER.1","D00000057258",,"ACEPYG","Y","Acerpenna pygmaea",,"species","Arthropoda","Hexapoda","Insecta","Pterygota","Palaeoptera",,"Ephemeroptera","Pisciforma",,,"Baetidae",,,,"Acerpenna","pygmaea",,"larva",1,,2,30,7,"N","N","condition OK","Y",,"Morihara and McCafferty 1979","N","Rhithron Associates, Inc.","B. Moore","Reference Collection(1)",
"9d2ece33-981b-4515-bcbf-aa0998905d4b","D06","MCDI","MCDI.AOS.reach","2019-10-04T14:02Z","2020-04-03","MCDI.20191004.SURBER.2","D00000057259",,"HYDSP24","Y","Hydroptila sp.",,"genus","Arthropoda","Hexapoda","Insecta","Pterygota","Neoptera","Holometabola","Trichoptera",,,"Hydroptiloidea","Hydroptilidae","Hydroptilinae","Hydroptilini",,"Hydroptila","sp.",,"larva",3,,1,33,3,"N","N","condition OK","Y",,"Wiggins 1996; Merritt et al. 2019","N","Rhithron Associates, Inc.","B. Moore",,
"9c236359-1efd-44d0-922a-92cfe990951a","D06","MCDI","MCDI.AOS.reach","2019-10-04T14:02Z","2020-04-03","MCDI.20191004.CORE.6","D00000057262",,"PISSP2","Y","Pisidiidae sp.",,"family","Mollusca",,"Bivalvia","Heterodonta",,,"Veneroida",,,"Corbiculoidea","Pisidiidae",,,,,"sp.",,"none",2,,1,100,1,"Y","N","condition OK","Y",,"Mackie 2007; Thorp and Rogers 2016","N","Rhithron Associates, Inc.","B. Moore",,
"52d693ce-5505-42a6-958f-2adee022134d","D06","MCDI","MCDI.AOS.reach","2019-10-04T14:02Z","2020-04-03","MCDI.20191004.SURBER.2","D00000057259",,"CHESP5","Y","Cheumatopsyche sp.",,"genus","Arthropoda","Hexapoda","Insecta","Pterygota","Neoptera","Holometabola","Trichoptera",,,"Hydropsychoidea","Hydropsychidae","Hydropsychinae",,,"Cheumatopsyche","sp.",,"larva",8,,1,33,3,"N","N","condition OK","Y",,"Flint et al. 2004; Wiggins 1996; Merritt et al. 2019","N","Rhithron Associates, Inc.","B. Moore",,
"432d3b19-0c8d-4fc4-9519-3d2cbb202419","D06","MCDI","MCDI.AOS.reach","2019-10-04T14:02Z","2020-04-03","MCDI.20191004.SURBER.2","D00000057259",,"TURSP","Y","Turbellaria sp.",,"class","Platyhelminthes",,"Turbellaria",,,,,,,,,,,,,"sp.",,"none",3,,8,33,24,"N","N","condition OK","Y",,"Thorp and Rogers 2016","N","Rhithron Associates, Inc.","B. Moore",,
"cc4140be-5a8d-49a3-b14c-2d261bb4444a","D06","MCDI","MCDI.AOS.reach","2019-10-04T14:02Z","2020-04-02","MCDI.20191004.CORE.4","D00000057263",,"CAESP5","Y","Caenis sp.",,"genus","Arthropoda","Hexapoda","Insecta","Pterygota","Palaeoptera",,"Ephemeroptera","Furcatergalia","Pannota","Caenoidea","Caenidae","Caeninae",,,"Caenis","sp.",,"larva",3,,1,100,1,"Y","N","condition OK","Y",,"Provonsha 1990","Y","Rhithron Associates, Inc.","B. Moore",,
"22699599-22cb-4d61-b284-499ad0c70dd2","D06","MCDI","MCDI.AOS.reach","2019-10-04T14:02Z","2020-04-03","MCDI.20191004.SURBER.2","D00000057259",,"CHESP5","Y","Cheumatopsyche sp.",,"genus","Arthropoda","Hexapoda","Insecta","Pterygota","Neoptera","Holometabola","Trichoptera",,,"Hydropsychoidea","Hydropsychidae","Hydropsychinae",,,"Cheumatopsyche","sp.",,"larva",4,,3,33,9,"N","N","condition OK","Y",,"Flint et al. 2004; Wiggins 1996; Merritt et al. 2019","N","Rhithron Associates, Inc.","B. Moore",,
"f9006441-7113-4be0-b0bb-7b24ddb16523","D06","MCDI","MCDI.AOS.reach","2019-10-04T14:02Z","2020-04-03","MCDI.20191004.CORE.5","D00000057261",,"CERSP10","Y","Ceratopogoninae sp.",,"subfamily","Arthropoda","Hexapoda","Insecta","Pterygota","Neoptera","Holometabola","Diptera","Nematocera","Culicomorpha",,"Ceratopogonidae","Ceratopogoninae",,,,"sp.",,"larva",3,,1,100,1,"N","N","condition OK","Y",,"Merritt et al. 2019","N","Rhithron Associates, Inc.","B. Moore",,
"4a983f2d-de69-4ffe-9205-4cc272234e7f","D06","MCDI","MCDI.AOS.reach","2019-10-04T14:02Z","2020-04-09","MCDI.20191004.SURBER.1","D00000057258",,"PARSP34","Y","Paratanytarsus sp.",,"genus","Arthropoda","Hexapoda","Insecta","Pterygota","Neoptera","Holometabola","Diptera","Nematocera","Culicomorpha",,"Chironomidae","Chironominae","Tanytarsini",,"Paratanytarsus","sp.",,"larva",2,,1,30,3,"N","N","condition OK","Y",,"Weiderholm, 1983; Weiderholm, 1986; Epler 2001; Ferrington et al. 2019; Andersen, Cranston and Epler 2013","N","Rhithron Associates, Inc.","R. Spring",,
"6f26fd10-4ae3-4d7c-9ae5-f4b4f4cd44f3","D06","MCDI","MCDI.AOS.reach","2019-10-04T14:02Z","2020-04-09","MCDI.20191004.SURBER.2","D00000057259",,"RHESP2","Y","Rheotanytarsus sp.",,"genus","Arthropoda","Hexapoda","Insecta","Pterygota","Neoptera","Holometabola","Diptera","Nematocera","Culicomorpha",,"Chironomidae","Chironominae","Tanytarsini",,"Rheotanytarsus","sp.",,"pupa",3,,3,33,9,"N","N","condition OK","N",,"Weiderholm, 1983; Weiderholm, 1986; Epler 2001; Ferrington et al. 2019; Andersen, Cranston and Epler 2013","N","Rhithron Associates, Inc.","R. Spring",,
"d333a78d-e5c8-4304-99cf-5dd297394148","D06","MCDI","MCDI.AOS.reach","2019-10-04T14:02Z","2020-04-03","MCDI.20191004.CORE.5","D00000057261",,"DIPHAG","Y","Diphetor hageni",,"species","Arthropoda","Hexapoda","Insecta","Pterygota","Palaeoptera",,"Ephemeroptera","Pisciforma",,,"Baetidae",,,,"Diphetor","hageni",,"larva",2,,1,100,1,"N","N","condition OK","Y",,"Morihara and McCafferty 1987; Meyer and McCafferty 2001; Merritt et al. 2019","N","Rhithron Associates, Inc.","B. Moore",,
"c52a2b97-993f-4622-88fe-a84a3edd3a4d","D06","MCDI","MCDI.AOS.reach","2019-10-04T14:02Z","2020-04-03","MCDI.20191004.SURBER.2","D00000057259",,"BAEINT","Y","Baetis intercalaris",,"species","Arthropoda","Hexapoda","Insecta","Pterygota","Palaeoptera",,"Ephemeroptera","Pisciforma",,,"Baetidae",,,,"Baetis","intercalaris",,"larva",5,,3,33,9,"N","N","condition OK","Y",,"Morihara and McCafferty 1979; Wiersema, 2004; Webb et al. 2018","N","Rhithron Associates, Inc.","B. Moore",,
"8cb34a5b-1f9f-465f-8cf8-6b26ed20bc53","D06","MCDI","MCDI.AOS.reach","2019-10-04T14:02Z","2020-04-09","MCDI.20191004.CORE.5","D00000057261",,"CHISP6","Y","Chironomini sp.",,"tribe","Arthropoda","Hexapoda","Insecta","Pterygota","Neoptera","Holometabola","Diptera","Nematocera","Culicomorpha",,"Chironomidae","Chironominae","Chironomini",,,"sp.",,"larva",2,,7,100,7,"Y","N","condition OK","N",,"Weiderholm, 1983; Weiderholm, 1986; Epler 2001; Ferrington et al. 2019; Andersen, Cranston and Epler 2013","N","Rhithron Associates, Inc.","R. Spring",,
"b7fe70bb-d1a2-4a5a-b072-86f8a4dc2902","D06","MCDI","MCDI.AOS.reach","2019-10-04T14:02Z","2020-04-09","MCDI.20191004.SURBER.1","D00000057258",,"TANSP7","Y","Tanypodinae sp.",,"subfamily","Arthropoda","Hexapoda","Insecta","Pterygota","Neoptera","Holometabola","Diptera","Nematocera","Culicomorpha",,"Chironomidae","Tanypodinae",,,,"sp.",,"pupa",4,,2,30,7,"N","N","damaged, affecting taxonomy and measurement","N",,"Weiderholm, 1983; Weiderholm, 1986; Epler 2001; Ferrington et al. 2019; Andersen, Cranston and Epler 2013","N","Rhithron Associates, Inc.","R. Spring",,
"3e718b8b-9ee8-45c1-80af-ce835c2024ec","D06","MCDI","MCDI.AOS.reach","2019-10-04T14:02Z","2020-04-09","MCDI.20191004.SURBER.3","D00000057260",,"TVESP","Y","Tvetenia sp.",,"genus","Arthropoda","Hexapoda","Insecta","Pterygota","Neoptera","Holometabola","Diptera","Nematocera","Culicomorpha",,"Chironomidae","Orthocladiinae",,,"Tvetenia","sp.",,"larva",3,,1,50,2,"N","N","condition OK","Y",,"Weiderholm, 1983; Weiderholm, 1986; Epler 2001; Ferrington et al. 2019; Andersen, Cranston and Epler 2013","N","Rhithron Associates, Inc.","R. Spring",,
"7db3c1ea-771e-4dc9-a6ba-0909a2ce6826","D06","MCDI","MCDI.AOS.reach","2019-10-04T14:02Z","2020-04-09","MCDI.20191004.CORE.4","D00000057263",,"LIMSP31","Y","Limnodrilus sp.",,"genus","Annelida","Clitellata","Oligochaeta","Oligochaeta",,,"Tubificida",,,,"Naididae","Tubificinae",,,"Limnodrilus","sp.",,"none",9,,1,100,1,"N","N","damaged, affecting taxonomy and measurement","Y",,"Kathman and Brinkhurst, 1999","Y","Rhithron Associates, Inc.","R. Spring",,
"e550a630-2715-43a8-9fb1-ca849375ba84","D06","MCDI","MCDI.AOS.reach","2019-10-04T14:02Z","2020-04-09","MCDI.20191004.SURBER.2","D00000057259",,"CRISP2","Y","Cricotopus sp.",,"genus","Arthropoda","Hexapoda","Insecta","Pterygota","Neoptera","Holometabola","Diptera","Nematocera","Culicomorpha",,"Chironomidae","Orthocladiinae",,,"Cricotopus","sp.",,"larva",2,,36,33,109,"N","N","condition OK","Y",,"Weiderholm, 1983; Weiderholm, 1986; Epler 2001; Ferrington et al. 2019; Andersen, Cranston and Epler 2013","N","Rhithron Associates, Inc.","R. Spring",,
"3c9eda3e-7819-49e0-b2a7-08780e7ee8b0","D06","MCDI","MCDI.AOS.reach","2019-10-04T14:02Z","2020-04-09","MCDI.20191004.CORE.5","D00000057261",,"CHISP8","Y","Chironomus sp.",,"genus","Arthropoda","Hexapoda","Insecta","Pterygota","Neoptera","Holometabola","Diptera","Nematocera","Culicomorpha",,"Chironomidae","Chironominae","Chironomini",,"Chironomus","sp.",,"larva",4,,1,100,1,"N","N","condition OK","Y",,"Weiderholm, 1983; Weiderholm, 1986; Epler 2001; Ferrington et al. 2019; Andersen, Cranston and Epler 2013","N","Rhithron Associates, Inc.","R. Spring",,
"e1d31f3c-ce8b-404e-ad51-d5c84f7f0771","D06","MCDI","MCDI.AOS.reach","2019-10-04T14:02Z","2020-04-09","MCDI.20191004.SURBER.3","D00000057260",,"CORSP19","Y","Corynoneura sp.",,"genus","Arthropoda","Hexapoda","Insecta","Pterygota","Neoptera","Holometabola","Diptera","Nematocera","Culicomorpha",,"Chironomidae","Orthocladiinae",,,"Corynoneura","sp.",,"larva",1,,4,50,8,"N","N","condition OK","Y",,"Weiderholm, 1983; Weiderholm, 1986; Epler 2001; Ferrington et al. 2019; Andersen, Cranston and Epler 2013","N","Rhithron Associates, Inc.","R. Spring",,
"fac5fdf2-8246-43b9-92e6-cf14bb02a1d9","D06","MCDI","MCDI.AOS.reach","2019-10-04T14:02Z","2020-04-03","MCDI.20191004.SURBER.1","D00000057258",,"SIMSP1","Y","Simulium sp.",,"genus","Arthropoda","Hexapoda","Insecta","Pterygota","Neoptera","Holometabola","Diptera","Nematocera","Culicomorpha",,"Simuliidae","Simuliinae","Simuliini",,"Simulium","sp.",,"larva",4,,1,30,3,"N","N","condition OK","Y",,"Adler et al. 2004; Merritt et al. 2019","N","Rhithron Associates, Inc.","B. Moore",,
"42f5df1c-b7d5-4ebc-a62a-a68493c9ce2c","D06","MCDI","MCDI.AOS.reach","2019-10-04T14:02Z","2020-04-03","MCDI.20191004.CORE.6","D00000057262",,"CAESP5","Y","Caenis sp.",,"genus","Arthropoda","Hexapoda","Insecta","Pterygota","Palaeoptera",,"Ephemeroptera","Furcatergalia","Pannota","Caenoidea","Caenidae","Caeninae",,,"Caenis","sp.",,"larva",3,,10,100,10,"Y","N","condition OK","Y",,"Provonsha 1990","N","Rhithron Associates, Inc.","B. Moore",,
"57fc12b6-0e7f-42a7-bbae-f4bb7ba8cec1","D06","MCDI","MCDI.AOS.reach","2019-10-04T14:02Z","2020-04-09","MCDI.20191004.SURBER.1","D00000057258",,"THISP2","Y","Thienemanniella sp.",,"genus","Arthropoda","Hexapoda","Insecta","Pterygota","Neoptera","Holometabola","Diptera","Nematocera","Culicomorpha",,"Chironomidae","Orthocladiinae",,,"Thienemanniella","sp.",,"larva",2,,11,30,37,"N","N","condition OK","Y",,"Weiderholm, 1983; Weiderholm, 1986; Epler 2001; Ferrington et al. 2019; Andersen, Cranston and Epler 2013","N","Rhithron Associates, Inc.","R. Spring",,
"4b5a6948-d4d3-4e3e-b2df-d14d92676fdc","D06","MCDI","MCDI.AOS.reach","2019-10-04T14:02Z","2020-04-03","MCDI.20191004.SURBER.2","D00000057259",,"TURSP","Y","Turbellaria sp.",,"class","Platyhelminthes",,"Turbellaria",,,,,,,,,,,,,"sp.",,"none",2,,9,33,27,"N","N","condition OK","Y",,"Thorp and Rogers 2016","N","Rhithron Associates, Inc.","B. Moore",,
"c3d0f6ef-bebd-4fbd-be0a-a7088f854707","D06","MCDI","MCDI.AOS.reach","2019-10-04T14:02Z","2020-04-09","MCDI.20191004.CORE.4","D00000057263",,"NAISP","Y","Naididae sp.",,"family","Annelida","Clitellata","Oligochaeta","Oligochaeta",,,"Tubificida",,,,"Naididae",,,,,"sp.",,"none",10,,1,100,1,"Y","N","condition OK","N",,"Kathman and Brinkhurst, 1999","Y","Rhithron Associates, Inc.","R. Spring","w/o hc",
"f0f97811-a4b6-413c-a881-7d5187590344","D06","MCDI","MCDI.AOS.reach","2019-10-04T14:02Z","2020-04-09","MCDI.20191004.CORE.6","D00000057262",,"CRISP2","Y","Cricotopus sp.",,"genus","Arthropoda","Hexapoda","Insecta","Pterygota","Neoptera","Holometabola","Diptera","Nematocera","Culicomorpha",,"Chironomidae","Orthocladiinae",,,"Cricotopus","sp.",,"larva",3,,1,100,1,"N","N","condition OK","Y",,"Weiderholm, 1983; Weiderholm, 1986; Epler 2001; Ferrington et al. 2019; Andersen, Cranston and Epler 2013","N","Rhithron Associates, Inc.","R. Spring",,
"cc77f9de-c696-4346-943a-e06007acb573","D06","MCDI","MCDI.AOS.reach","2019-10-04T14:02Z","2020-04-09","MCDI.20191004.SURBER.2","D00000057259",,"POLFLA1","Y","Polypedilum flavum",,"species","Arthropoda","Hexapoda","Insecta","Pterygota","Neoptera","Holometabola","Diptera","Nematocera","Culicomorpha",,"Chironomidae","Chironominae","Chironomini",,"Polypedilum","flavum",,"larva",3,,1,33,3,"N","N","condition OK","Y",,"Weiderholm, 1983; Weiderholm, 1986; Epler 2001; Ferrington et al. 2008; Andersen, Cranston and Epler 2015","N","Rhithron Associates, Inc.","R. Spring",,
"ef4aa7fb-95d9-488e-8033-bb1886968e71","D06","MCDI","MCDI.AOS.reach","2019-10-04T14:02Z","2020-04-09","MCDI.20191004.CORE.5","D00000057261",,"CRISP2","Y","Cricotopus sp.",,"genus","Arthropoda","Hexapoda","Insecta","Pterygota","Neoptera","Holometabola","Diptera","Nematocera","Culicomorpha",,"Chironomidae","Orthocladiinae",,,"Cricotopus","sp.",,"larva",2,,2,100,2,"N","N","condition OK","Y",,"Weiderholm, 1983; Weiderholm, 1986; Epler 2001; Ferrington et al. 2019; Andersen, Cranston and Epler 2013","N","Rhithron Associates, Inc.","R. Spring",,
"3ff8e7e5-1fef-4846-9dd6-785be4d5e690","D06","MCDI","MCDI.AOS.reach","2019-10-04T14:02Z","2020-04-03","MCDI.20191004.SURBER.2","D00000057259",,"FALSP","Y","Fallceon sp.",,"genus","Arthropoda","Hexapoda","Insecta","Pterygota","Palaeoptera",,"Ephemeroptera","Pisciforma",,,"Baetidae",,,,"Fallceon","sp.",,"larva",3,,22,33,67,"N","N","condition OK","Y",,"Merritt et al. 2019","N","Rhithron Associates, Inc.","B. Moore",,
"02853b3c-5b07-41bb-9fbb-bb120a27562e","D06","MCDI","MCDI.AOS.reach","2019-10-04T14:02Z","2020-04-03","MCDI.20191004.SURBER.1","D00000057258",,"STEFEM","Y","Stenonema femoratum",,"species","Arthropoda","Hexapoda","Insecta","Pterygota","Palaeoptera",,"Ephemeroptera","Pisciforma",,"Heptagenioidea","Heptageniidae",,,,"Stenonema","femoratum",,"larva",4,,1,30,3,"N","N","condition OK","Y",,"Liechti 1978; Wang and McCafferty 2004; Webb and McCafferty 2008; Merritt et al. 2019","N","Rhithron Associates, Inc.","B. Moore",,
"b9431454-023f-4618-a652-604e07496a21","D06","MCDI","MCDI.AOS.reach","2019-10-04T14:02Z","2020-04-09","MCDI.20191004.SURBER.1","D00000057258",,"TANSP7","Y","Tanypodinae sp.",,"subfamily","Arthropoda","Hexapoda","Insecta","Pterygota","Neoptera","Holometabola","Diptera","Nematocera","Culicomorpha",,"Chironomidae","Tanypodinae",,,,"sp.",,"larva",1,,1,30,3,"Y","N","condition OK","N",,"Weiderholm, 1983; Weiderholm, 1986; Epler 2001; Ferrington et al. 2019; Andersen, Cranston and Epler 2013","N","Rhithron Associates, Inc.","R. Spring",,
"9340b90f-88bb-4233-bfcc-7e6dc9c0e74c","D06","MCDI","MCDI.AOS.reach","2019-10-04T14:02Z","2020-04-03","MCDI.20191004.SURBER.3","D00000057260",,"CAESP5","Y","Caenis sp.",,"genus","Arthropoda","Hexapoda","Insecta","Pterygota","Palaeoptera",,"Ephemeroptera","Furcatergalia","Pannota","Caenoidea","Caenidae","Caeninae",,,"Caenis","sp.",,"larva",1,,4,50,8,"Y","N","condition OK","Y",,"Provonsha 1990","N","Rhithron Associates, Inc.","B. Moore",,
"7c122200-146d-4bae-a4da-f1b95b17dbc8","D06","MCDI","MCDI.AOS.reach","2019-10-04T14:02Z","2020-04-03","MCDI.20191004.SURBER.3","D00000057260",,"HEXSP3","Y","Hexatoma sp.",,"genus","Arthropoda","Hexapoda","Insecta","Pterygota","Neoptera","Holometabola","Diptera","Nematocera","Tipulomorpha",,"Tipulidae","Limoniinae","Hexatomini",,"Hexatoma","sp.",,"larva",6,,1,50,2,"N","N","condition OK","Y",,"Gelhaus and Podeniene 2018; Merritt et al. 2019","N","Rhithron Associates, Inc.","B. Moore",,
"77d8206a-923c-47a9-adb8-0abdf6b92f0f","D06","MCDI","MCDI.AOS.reach","2019-10-04T14:02Z","2020-04-03","MCDI.20191004.SURBER.3","D00000057260",,"HYDSP24","Y","Hydroptila sp.",,"genus","Arthropoda","Hexapoda","Insecta","Pterygota","Neoptera","Holometabola","Trichoptera",,,"Hydroptiloidea","Hydroptilidae","Hydroptilinae","Hydroptilini",,"Hydroptila","sp.",,"larva",1,,1,50,2,"N","N","condition OK","Y",,"Wiggins 1996; Merritt et al. 2019","N","Rhithron Associates, Inc.","B. Moore",,
"6a605aec-8a83-4ee6-ab47-ed220202982c","D06","MCDI","MCDI.AOS.reach","2019-10-04T14:02Z","2020-04-09","MCDI.20191004.SURBER.1","D00000057258",,"TANSP8","Y","Tanytarsini sp.",,"tribe","Arthropoda","Hexapoda","Insecta","Pterygota","Neoptera","Holometabola","Diptera","Nematocera","Culicomorpha",,"Chironomidae","Chironominae","Tanytarsini",,,"sp.",,"larva",1,,14,30,47,"Y","N","condition OK","N",,"Weiderholm, 1983; Weiderholm, 1986; Epler 2001; Ferrington et al. 2019; Andersen, Cranston and Epler 2013","N","Rhithron Associates, Inc.","R. Spring",,
"836c8ddc-1fac-431e-8c5d-635eac98cca9","D06","MCDI","MCDI.AOS.reach","2019-10-04T14:02Z","2020-04-09","MCDI.20191004.SURBER.3","D00000057260",,"THISP2","Y","Thienemanniella sp.",,"genus","Arthropoda","Hexapoda","Insecta","Pterygota","Neoptera","Holometabola","Diptera","Nematocera","Culicomorpha",,"Chironomidae","Orthocladiinae",,,"Thienemanniella","sp.",,"larva",2,,1,50,2,"N","N","condition OK","Y",,"Weiderholm, 1983; Weiderholm, 1986; Epler 2001; Ferrington et al. 2019; Andersen, Cranston and Epler 2013","N","Rhithron Associates, Inc.","R. Spring",,
"5c6e6dd9-31d5-48da-9a06-373f57603e13","D06","MCDI","MCDI.AOS.reach","2019-10-04T14:02Z","2020-04-03","MCDI.20191004.SURBER.1","D00000057258",,"HEMSP4","Y","Hemerodromia sp.",,"genus","Arthropoda","Hexapoda","Insecta","Pterygota","Neoptera","Holometabola","Diptera","Brachycera","Muscomorpha",,"Empididae","Hemerodromiinae","Hemerodromiini",,"Hemerodromia","sp.",,"larva",3,,1,30,3,"N","N","condition OK","Y",,"Merritt et al. 2019","N","Rhithron Associates, Inc.","B. Moore",,
"4f0b06f1-c91e-4b49-9a8f-78049f2a92d4","D06","MCDI","MCDI.AOS.reach","2019-10-04T14:02Z","2020-04-09","MCDI.20191004.SURBER.2","D00000057259",,"POLSP13","Y","Polypedilum sp.",,"genus","Arthropoda","Hexapoda","Insecta","Pterygota","Neoptera","Holometabola","Diptera","Nematocera","Culicomorpha",,"Chironomidae","Chironominae","Chironomini",,"Polypedilum","sp.",,"larva",1,,3,33,9,"Y","N","condition OK","N",,"Weiderholm, 1983; Weiderholm, 1986; Epler 2001; Ferrington et al. 2008; Andersen, Cranston and Epler 2013","N","Rhithron Associates, Inc.","R. Spring",,
"6a0766a9-478a-4a5a-963b-85b5b6fa5445","D06","MCDI","MCDI.AOS.reach","2019-10-04T14:02Z","2020-04-03","MCDI.20191004.SURBER.1","D00000057258",,"HEMSP4","Y","Hemerodromia sp.",,"genus","Arthropoda","Hexapoda","Insecta","Pterygota","Neoptera","Holometabola","Diptera","Brachycera","Muscomorpha",,"Empididae","Hemerodromiinae","Hemerodromiini",,"Hemerodromia","sp.",,"larva",2,,1,30,3,"N","N","condition OK","Y",,"Merritt et al. 2019","N","Rhithron Associates, Inc.","B. Moore",,
"15b5e894-4a68-48a0-8242-eebdadd9184e","D06","MCDI","MCDI.AOS.reach","2019-10-04T14:02Z","2020-04-09","MCDI.20191004.CORE.5","D00000057261",,"TANSP8","Y","Tanytarsini sp.",,"tribe","Arthropoda","Hexapoda","Insecta","Pterygota","Neoptera","Holometabola","Diptera","Nematocera","Culicomorpha",,"Chironomidae","Chironominae","Tanytarsini",,,"sp.",,"larva",1,,6,100,6,"Y","N","condition OK","N",,"Weiderholm, 1983; Weiderholm, 1986; Epler 2001; Ferrington et al. 2019; Andersen, Cranston and Epler 2013","N","Rhithron Associates, Inc.","R. Spring",,
"e142f77f-6efa-4bb0-8a3f-8ccd6dd47c63","D06","MCDI","MCDI.AOS.reach","2019-10-04T14:02Z","2020-04-09","MCDI.20191004.SURBER.2","D00000057259",,"THISP2","Y","Thienemanniella sp.",,"genus","Arthropoda","Hexapoda","Insecta","Pterygota","Neoptera","Holometabola","Diptera","Nematocera","Culicomorpha",,"Chironomidae","Orthocladiinae",,,"Thienemanniella","sp.",,"pupa",1,,1,33,3,"N","N","condition OK","N",,"Weiderholm, 1983; Weiderholm, 1986; Epler 2001; Ferrington et al. 2019; Andersen, Cranston and Epler 2013","N","Rhithron Associates, Inc.","R. Spring",,
"2fdb0abc-3fea-4438-bd5f-ed06198325a2","D06","MCDI","MCDI.AOS.reach","2019-10-04T14:02Z","2020-04-09","MCDI.20191004.SURBER.1","D00000057258",,"RHEEXI","Y","Rheotanytarsus exiguus gr.",,"speciesGroup","Arthropoda","Hexapoda","Insecta","Pterygota","Neoptera","Holometabola","Diptera","Nematocera","Culicomorpha",,"Chironomidae","Chironominae","Tanytarsini",,"Rheotanytarsus","exiguus gr.",,"larva",3,,7,30,23,"N","N","condition OK","Y",,"Weiderholm, 1983; Weiderholm, 1986; Epler 2001; Ferrington et al. 2008; Andersen, Cranston and Epler 2013","N","Rhithron Associates, Inc.","R. Spring",,
"c0eb32b5-3aed-4e06-b059-65d71bbdb28a","D06","MCDI","MCDI.AOS.reach","2019-10-04T14:02Z","2020-04-09","MCDI.20191004.CORE.4","D00000057263",,"CRYSP2","Y","Cryptochironomus sp.",,"genus","Arthropoda","Hexapoda","Insecta","Pterygota","Neoptera","Holometabola","Diptera","Nematocera","Culicomorpha",,"Chironomidae","Chironominae","Chironomini",,"Cryptochironomus","sp.",,"larva",2,,1,100,1,"N","N","condition OK","Y",,"Weiderholm, 1983; Weiderholm, 1986; Epler 2001; Ferrington et al. 2019; Andersen, Cranston and Epler 2013","Y","Rhithron Associates, Inc.","R. Spring",,
"81dab4e1-8b30-4489-8a0a-59a10761474f","D06","MCDI","MCDI.AOS.reach","2019-10-04T14:02Z","2020-04-09","MCDI.20191004.CORE.4","D00000057263",,"CRISP2","Y","Cricotopus sp.",,"genus","Arthropoda","Hexapoda","Insecta","Pterygota","Neoptera","Holometabola","Diptera","Nematocera","Culicomorpha",,"Chironomidae","Orthocladiinae",,,"Cricotopus","sp.",,"larva",2,,2,100,2,"N","N","condition OK","Y",,"Weiderholm, 1983; Weiderholm, 1986; Epler 2001; Ferrington et al. 2019; Andersen, Cranston and Epler 2013","Y","Rhithron Associates, Inc.","R. Spring",,
"0acf04f2-c075-4d1d-85de-c46e413ec0d2","D06","MCDI","MCDI.AOS.reach","2019-10-04T14:02Z","2020-04-09","MCDI.20191004.SURBER.1","D00000057258",,"THIGRO","Y","Thienemannimyia gr.",,"speciesGroup","Arthropoda","Hexapoda","Insecta","Pterygota","Neoptera","Holometabola","Diptera","Nematocera","Culicomorpha",,"Chironomidae","Tanypodinae","Pentaneurini",,"Thienemannimyia","gr.",,"larva",7,,1,30,3,"Y","N","condition OK","Y",,"Weiderholm, 1983; Weiderholm, 1986; Epler 2001; Ferrington et al. 2008; Andersen, Cranston and Epler 2017","N","Rhithron Associates, Inc.","R. Spring",,
"c82b6adf-6ae3-49a3-a783-27f0ec9c18b3","D06","MCDI","MCDI.AOS.reach","2019-10-04T14:02Z","2020-04-03","MCDI.20191004.SURBER.2","D00000057259",,"ATRSP3","Y","Atractides sp.",,"genus","Arthropoda","Chelicerata","Arachnida","Acari",,"Acariformes","Trombidiformes","Prostigmata",,"Hygrobatoidea","Hygrobatidae",,,,"Atractides","sp.",,"adult",1,,7,33,21,"N","N","condition OK","Y",,"Thorp and Rogers 2016","N","Rhithron Associates, Inc.","B. Moore",,
"9687882d-273c-4362-90d9-1a914d9a4708","D06","MCDI","MCDI.AOS.reach","2019-10-04T14:02Z","2020-04-09","MCDI.20191004.CORE.6","D00000057262",,"PARSP34","Y","Paratanytarsus sp.",,"genus","Arthropoda","Hexapoda","Insecta","Pterygota","Neoptera","Holometabola","Diptera","Nematocera","Culicomorpha",,"Chironomidae","Chironominae","Tanytarsini",,"Paratanytarsus","sp.",,"larva",3,,1,100,1,"N","N","condition OK","Y",,"Weiderholm, 1983; Weiderholm, 1986; Epler 2001; Ferrington et al. 2019; Andersen, Cranston and Epler 2013","N","Rhithron Associates, Inc.","R. Spring",,
"48428bcc-ffd9-4c07-8672-704617811137","D06","MCDI","MCDI.AOS.reach","2019-10-04T14:02Z","2020-04-03","MCDI.20191004.SURBER.2","D00000057259",,"STEFEM","Y","Stenonema femoratum",,"species","Arthropoda","Hexapoda","Insecta","Pterygota","Palaeoptera",,"Ephemeroptera","Pisciforma",,"Heptagenioidea","Heptageniidae",,,,"Stenonema","femoratum",,"larva",2,,6,33,18,"N","N","condition OK","Y",,"Liechti 1978; Wang and McCafferty 2004; Webb and McCafferty 2008; Merritt et al. 2019","N","Rhithron Associates, Inc.","B. Moore",,
"e769b61c-8250-4722-8975-79fe73e9b8ab","D06","MCDI","MCDI.AOS.reach","2019-10-04T14:02Z","2020-04-09","MCDI.20191004.SURBER.1","D00000057258",,"POLSP13","Y","Polypedilum sp.",,"genus","Arthropoda","Hexapoda","Insecta","Pterygota","Neoptera","Holometabola","Diptera","Nematocera","Culicomorpha",,"Chironomidae","Chironominae","Chironomini",,"Polypedilum","sp.",,"larva",1,,1,30,3,"Y","N","condition OK","Y",,"Weiderholm, 1983; Weiderholm, 1986; Epler 2001; Ferrington et al. 2008; Andersen, Cranston and Epler 2013","N","Rhithron Associates, Inc.","R. Spring",,
"de56aaf6-9190-4a32-811c-a7bd2d28b99a","D06","MCDI","MCDI.AOS.reach","2019-10-04T14:02Z","2020-04-09","MCDI.20191004.SURBER.1","D00000057258",,"RHEEXI","Y","Rheotanytarsus exiguus gr.",,"speciesGroup","Arthropoda","Hexapoda","Insecta","Pterygota","Neoptera","Holometabola","Diptera","Nematocera","Culicomorpha",,"Chironomidae","Chironominae","Tanytarsini",,"Rheotanytarsus","exiguus gr.",,"larva",2,,10,30,33,"N","N","condition OK","Y",,"Weiderholm, 1983; Weiderholm, 1986; Epler 2001; Ferrington et al. 2008; Andersen, Cranston and Epler 2013","N","Rhithron Associates, Inc.","R. Spring",,
"0b56055b-37b8-4678-b622-c1c97a824880","D06","MCDI","MCDI.AOS.reach","2019-10-04T14:02Z","2020-04-03","MCDI.20191004.SURBER.2","D00000057259",,"FALSP","Y","Fallceon sp.",,"genus","Arthropoda","Hexapoda","Insecta","Pterygota","Palaeoptera",,"Ephemeroptera","Pisciforma",,,"Baetidae",,,,"Fallceon","sp.",,"larva",2,,32,33,97,"N","N","condition OK","Y",,"Merritt et al. 2019","N","Rhithron Associates, Inc.","B. Moore",,
"f1004f4d-9958-4e07-bdf8-ea7929c6f3e5","D06","MCDI","MCDI.AOS.reach","2019-10-04T14:02Z","2020-04-09","MCDI.20191004.CORE.5","D00000057261",,"POLSCA","Y","Polypedilum scalaenum gr.",,"speciesGroup","Arthropoda","Hexapoda","Insecta","Pterygota","Neoptera","Holometabola","Diptera","Nematocera","Culicomorpha",,"Chironomidae","Chironominae","Chironomini",,"Polypedilum","scalaenum gr.",,"larva",2,,2,100,2,"N","N","condition OK","Y",,"Weiderholm, 1983; Weiderholm, 1986; Epler 2001; Ferrington et al. 2008; Andersen, Cranston and Epler 2018","N","Rhithron Associates, Inc.","R. Spring",,
"274fc29f-cdcb-44e4-9669-280a4dee1f64","D06","MCDI","MCDI.AOS.reach","2019-10-04T14:02Z","2020-04-09","MCDI.20191004.CORE.4","D00000057263",,"NAISP","Y","Naididae sp.",,"family","Annelida","Clitellata","Oligochaeta","Oligochaeta",,,"Tubificida",,,,"Naididae",,,,,"sp.",,"none",4,,17,100,17,"Y","N","condition OK","N",,"Kathman and Brinkhurst, 1999","Y","Rhithron Associates, Inc.","R. Spring","w/o hc",
"a858441b-278d-4204-93b4-818186d20f49","D06","MCDI","MCDI.AOS.reach","2019-10-04T14:02Z","2020-04-09","MCDI.20191004.SURBER.3","D00000057260",,"EUKSP","Y","Eukiefferiella sp.",,"genus","Arthropoda","Hexapoda","Insecta","Pterygota","Neoptera","Holometabola","Diptera","Nematocera","Culicomorpha",,"Chironomidae","Orthocladiinae",,,"Eukiefferiella","sp.",,"larva",1,,1,50,2,"Y","N","condition OK","N",,"Weiderholm, 1983; Bode, 1983; Weiderholm, 1986; Epler 2001; Ferrington et al. 2019; Andersen, Cranston and Epler 2013","N","Rhithron Associates, Inc.","R. Spring",,
"1b5214a6-901b-4639-8982-366133c63a94","D06","MCDI","MCDI.AOS.reach","2019-10-04T14:02Z","2020-04-09","MCDI.20191004.CORE.5","D00000057261",,"STISP2","Y","Stictochironomus sp.",,"genus","Arthropoda","Hexapoda","Insecta","Pterygota","Neoptera","Holometabola","Diptera","Nematocera","Culicomorpha",,"Chironomidae","Chironominae","Chironomini",,"Stictochironomus","sp.",,"larva",2,,1,100,1,"N","N","condition OK","Y",,"Weiderholm, 1983; Weiderholm, 1986; Epler 2001; Ferrington et al. 2019; Andersen, Cranston and Epler 2013","N","Rhithron Associates, Inc.","R. Spring",,
"1bb32b85-af66-45d7-9d70-8e93fd65c1d8","D06","MCDI","MCDI.AOS.reach","2019-10-04T14:02Z","2020-04-09","MCDI.20191004.SURBER.3","D00000057260",,"NILSP","Y","Nilotanypus sp.",,"genus","Arthropoda","Hexapoda","Insecta","Pterygota","Neoptera","Holometabola","Diptera","Nematocera","Culicomorpha",,"Chironomidae","Tanypodinae","Pentaneurini",,"Nilotanypus","sp.",,"larva",3,,4,50,8,"N","N","condition OK","Y",,"Weiderholm, 1983; Weiderholm, 1986; Epler 2001; Ferrington et al. 2019; Andersen, Cranston and Epler 2013","N","Rhithron Associates, Inc.","R. Spring",,
"6a9128a1-4f33-4311-9373-04a5d5e1ad0c","D06","MCDI","MCDI.AOS.reach","2019-10-04T14:02Z","2020-04-09","MCDI.20191004.SURBER.2","D00000057259",,"CRISP2","Y","Cricotopus sp.",,"genus","Arthropoda","Hexapoda","Insecta","Pterygota","Neoptera","Holometabola","Diptera","Nematocera","Culicomorpha",,"Chironomidae","Orthocladiinae",,,"Cricotopus","sp.",,"larva",3,,9,33,27,"N","N","condition OK","Y",,"Weiderholm, 1983; Weiderholm, 1986; Epler 2001; Ferrington et al. 2019; Andersen, Cranston and Epler 2013","N","Rhithron Associates, Inc.","R. Spring",,
"9f22f5c5-1235-44cb-b0ad-ab678330a038","D06","MCDI","MCDI.AOS.reach","2019-10-04T14:02Z","2020-04-09","MCDI.20191004.SURBER.1","D00000057258",,"CRISP2","Y","Cricotopus sp.",,"genus","Arthropoda","Hexapoda","Insecta","Pterygota","Neoptera","Holometabola","Diptera","Nematocera","Culicomorpha",,"Chironomidae","Orthocladiinae",,,"Cricotopus","sp.",,"pupa",2,,1,30,3,"N","N","condition OK","N",,"Weiderholm, 1983; Weiderholm, 1986; Epler 2001; Ferrington et al. 2019; Andersen, Cranston and Epler 2013","N","Rhithron Associates, Inc.","R. Spring",,
"d29adf47-d95a-4fe0-ae04-e8e72f717e9a","D06","MCDI","MCDI.AOS.reach","2019-10-04T14:02Z","2020-04-09","MCDI.20191004.SURBER.1","D00000057258",,"TANSP11","Y","Tanytarsus sp.",,"genus","Arthropoda","Hexapoda","Insecta","Pterygota","Neoptera","Holometabola","Diptera","Nematocera","Culicomorpha",,"Chironomidae","Chironominae","Tanytarsini",,"Tanytarsus","sp.",,"pupa",2,,1,30,3,"N","N","condition OK","N",,"Weiderholm, 1983; Weiderholm, 1986; Epler 2001; Ferrington et al. 2019; Andersen, Cranston and Epler 2013","N","Rhithron Associates, Inc.","R. Spring",,
"ffaa31f1-2a80-4b1c-b14a-598a60a991ef","D06","MCDI","MCDI.AOS.reach","2019-10-04T14:02Z","2020-04-09","MCDI.20191004.SURBER.2","D00000057259",,"CORSP19","Y","Corynoneura sp.",,"genus","Arthropoda","Hexapoda","Insecta","Pterygota","Neoptera","Holometabola","Diptera","Nematocera","Culicomorpha",,"Chironomidae","Orthocladiinae",,,"Corynoneura","sp.",,"larva",1,,1,33,3,"N","N","condition OK","Y",,"Weiderholm, 1983; Weiderholm, 1986; Epler 2001; Ferrington et al. 2019; Andersen, Cranston and Epler 2013","N","Rhithron Associates, Inc.","R. Spring",,
"6d388d96-9742-4327-aa85-4312eea60976","D06","MCDI","MCDI.AOS.reach","2019-10-04T14:02Z","2020-04-03","MCDI.20191004.SURBER.3","D00000057260",,"FALSP","Y","Fallceon sp.",,"genus","Arthropoda","Hexapoda","Insecta","Pterygota","Palaeoptera",,"Ephemeroptera","Pisciforma",,,"Baetidae",,,,"Fallceon","sp.",,"larva",2,,9,50,18,"N","N","condition OK","Y",,"Merritt et al. 2019","N","Rhithron Associates, Inc.","B. Moore",,
"fa9af8ec-60a3-48a1-b295-83e949537565","D06","MCDI","MCDI.AOS.reach","2019-10-04T14:02Z","2020-04-09","MCDI.20191004.SURBER.1","D00000057258",,"RHEPEL1","Y","Rheotanytarsus pellucidus",,"species","Arthropoda","Hexapoda","Insecta","Pterygota","Neoptera","Holometabola","Diptera","Nematocera","Culicomorpha",,"Chironomidae","Chironominae","Tanytarsini",,"Rheotanytarsus","pellucidus",,"larva",3,,1,30,3,"N","N","condition OK","Y",,"Weiderholm, 1983; Weiderholm, 1986; Epler 2001; Ferrington et al. 2008; Andersen, Cranston and Epler 2013","N","Rhithron Associates, Inc.","R. Spring",,
"72ea92de-29cb-4c90-9580-1ca833ac9734","D06","MCDI","MCDI.AOS.reach","2019-10-04T14:02Z","2020-04-02","MCDI.20191004.CORE.4","D00000057263",,"OSTSP","Y","Ostracoda sp.",,"class","Arthropoda","Crustacea","Ostracoda",,,,,,,,,,,,,"sp.",,"none",1,,14,100,14,"N","N","condition OK","Y",,"Thorp and Rogers 2016","Y","Rhithron Associates, Inc.","B. Moore",,
"ec62216c-2b3f-4672-8ba3-3bd8d2ec4e7d","D06","MCDI","MCDI.AOS.reach","2019-10-04T14:02Z","2020-04-09","MCDI.20191004.SURBER.1","D00000057258",,"CRISP2","Y","Cricotopus sp.",,"genus","Arthropoda","Hexapoda","Insecta","Pterygota","Neoptera","Holometabola","Diptera","Nematocera","Culicomorpha",,"Chironomidae","Orthocladiinae",,,"Cricotopus","sp.",,"larva",3,,10,30,33,"N","N","condition OK","Y",,"Weiderholm, 1983; Weiderholm, 1986; Epler 2001; Ferrington et al. 2019; Andersen, Cranston and Epler 2013","N","Rhithron Associates, Inc.","R. Spring",,
"acb3c626-f74d-4037-a8b4-8505d4869677","D06","MCDI","MCDI.AOS.reach","2019-10-04T14:02Z","2020-04-09","MCDI.20191004.CORE.5","D00000057261",,"DICSP7","Y","Dicrotendipes sp.",,"genus","Arthropoda","Hexapoda","Insecta","Pterygota","Neoptera","Holometabola","Diptera","Nematocera","Culicomorpha",,"Chironomidae","Chironominae","Chironomini",,"Dicrotendipes","sp.",,"larva",5,,1,100,1,"N","N","condition OK","Y",,"Weiderholm, 1983; Weiderholm, 1986; Epler 2001; Ferrington et al. 2019; Andersen, Cranston and Epler 2013","N","Rhithron Associates, Inc.","R. Spring",,
"69642793-1a26-439b-b3cb-18f5e9e75a4e","D06","MCDI","MCDI.AOS.reach","2019-10-04T14:02Z","2020-04-09","MCDI.20191004.SURBER.2","D00000057259",,"ORTSP1","Y","Orthocladiinae sp.",,"subfamily","Arthropoda","Hexapoda","Insecta","Pterygota","Neoptera","Holometabola","Diptera","Nematocera","Culicomorpha",,"Chironomidae","Orthocladiinae",,,,"sp.",,"larva",1,,4,33,12,"Y","N","condition OK","N",,"Weiderholm, 1983; Weiderholm, 1986; Epler 2001; Ferrington et al. 2019; Andersen, Cranston and Epler 2013","N","Rhithron Associates, Inc.","R. Spring",,
"5f952fff-9fab-4711-8b3a-ff18cff64807","D06","MCDI","MCDI.AOS.reach","2019-10-04T14:02Z","2020-04-09","MCDI.20191004.CORE.4","D00000057263",,"CHISP6","Y","Chironomini sp.",,"tribe","Arthropoda","Hexapoda","Insecta","Pterygota","Neoptera","Holometabola","Diptera","Nematocera","Culicomorpha",,"Chironomidae","Chironominae","Chironomini",,,"sp.",,"larva",1,,2,100,2,"Y","N","condition OK","N",,"Weiderholm, 1983; Weiderholm, 1986; Epler 2001; Ferrington et al. 2019; Andersen, Cranston and Epler 2013","Y","Rhithron Associates, Inc.","R. Spring",,
"d1abf8d9-6f10-41b7-8783-87bef68d5f38","D06","MCDI","MCDI.AOS.reach","2019-10-04T14:02Z","2020-04-09","MCDI.20191004.CORE.5","D00000057261",,"DICSP7","Y","Dicrotendipes sp.",,"genus","Arthropoda","Hexapoda","Insecta","Pterygota","Neoptera","Holometabola","Diptera","Nematocera","Culicomorpha",,"Chironomidae","Chironominae","Chironomini",,"Dicrotendipes","sp.",,"larva",3,,2,100,2,"N","N","condition OK","Y",,"Weiderholm, 1983; Weiderholm, 1986; Epler 2001; Ferrington et al. 2019; Andersen, Cranston and Epler 2013","N","Rhithron Associates, Inc.","R. Spring",,
"f761a750-6b6e-4835-9a66-14f3e236c4d8","D06","MCDI","MCDI.AOS.reach","2019-10-04T14:02Z","2020-04-02","MCDI.20191004.CORE.4","D00000057263",,"PISSP4","Y","Pisidium sp.",,"genus","Mollusca",,"Bivalvia","Heterodonta",,,"Veneroida",,,"Corbiculoidea","Pisidiidae",,,,"Pisidium","sp.",,"none",5,,1,100,1,"N","N","condition OK","Y",,"Burch 1989; Mackie, 2007; Thorp and Rogers 2016","Y","Rhithron Associates, Inc.","B. Moore",,
"cf20326d-c823-4972-90ae-1ef7e1b07606","D06","MCDI","MCDI.AOS.reach","2019-10-04T14:02Z","2020-04-09","MCDI.20191004.CORE.4","D00000057263",,"PARSP33","Y","Paratendipes sp.",,"genus","Arthropoda","Hexapoda","Insecta","Pterygota","Neoptera","Holometabola","Diptera","Nematocera","Culicomorpha",,"Chironomidae","Chironominae","Chironomini",,"Paratendipes","sp.",,"larva",4,,2,100,2,"N","N","condition OK","Y",,"Weiderholm, 1983; Weiderholm, 1986; Epler 2001; Ferrington et al. 2019; Andersen, Cranston and Epler 2013","Y","Rhithron Associates, Inc.","R. Spring",,
"86c29a4d-01ba-4b21-a703-4245b5dda6a0","D06","MCDI","MCDI.AOS.reach","2019-10-04T14:02Z","2020-04-09","MCDI.20191004.CORE.5","D00000057261",,"DICSP7","Y","Dicrotendipes sp.",,"genus","Arthropoda","Hexapoda","Insecta","Pterygota","Neoptera","Holometabola","Diptera","Nematocera","Culicomorpha",,"Chironomidae","Chironominae","Chironomini",,"Dicrotendipes","sp.",,"larva",2,,15,100,15,"N","N","condition OK","Y",,"Weiderholm, 1983; Weiderholm, 1986; Epler 2001; Ferrington et al. 2019; Andersen, Cranston and Epler 2013","N","Rhithron Associates, Inc.","R. Spring",,
"9345b43b-f9b5-4b87-87d4-caca0c50f607","D06","MCDI","MCDI.AOS.reach","2019-10-04T14:02Z","2020-04-09","MCDI.20191004.SURBER.2","D00000057259",,"THIGRO","Y","Thienemannimyia gr.",,"speciesGroup","Arthropoda","Hexapoda","Insecta","Pterygota","Neoptera","Holometabola","Diptera","Nematocera","Culicomorpha",,"Chironomidae","Tanypodinae","Pentaneurini",,"Thienemannimyia","gr.",,"larva",1,,1,33,3,"Y","N","condition OK","Y",,"Weiderholm, 1983; Weiderholm, 1986; Epler 2001; Ferrington et al. 2008; Andersen, Cranston and Epler 2017","N","Rhithron Associates, Inc.","R. Spring",,
"f89f2790-1021-4789-924e-c49342414cb6","D06","MCDI","MCDI.AOS.reach","2019-10-04T14:02Z","2020-04-03","MCDI.20191004.SURBER.3","D00000057260",,"CHESP5","Y","Cheumatopsyche sp.",,"genus","Arthropoda","Hexapoda","Insecta","Pterygota","Neoptera","Holometabola","Trichoptera",,,"Hydropsychoidea","Hydropsychidae","Hydropsychinae",,,"Cheumatopsyche","sp.",,"larva",8,,2,50,4,"N","N","condition OK","Y",,"Flint et al. 2004; Wiggins 1996; Merritt et al. 2019","N","Rhithron Associates, Inc.","B. Moore",,
"5e7b4b2b-5b22-4632-8904-745bb360d84f","D06","MCDI","MCDI.AOS.reach","2019-10-04T14:02Z","2020-04-02","MCDI.20191004.CORE.4","D00000057263",,"NEMSP","Y","Nematoda sp.",,"phylum","Nematoda",,,,,,,,,,,,,,,"sp.",,"none",2,,2,100,2,"N","N","condition OK","Y",,"Thorp and Rogers 2016","Y","Rhithron Associates, Inc.","B. Moore",,
"701142d5-40dd-4f9f-86c4-e6de207d965b","D06","MCDI","MCDI.AOS.reach","2019-10-04T14:02Z","2020-04-03","MCDI.20191004.SURBER.3","D00000057260",,"STESP6","Y","Stenelmis sp.",,"genus","Arthropoda","Hexapoda","Insecta","Pterygota","Neoptera","Holometabola","Coleoptera","Polyphaga","Elateriformia","Byrrhoidea","Elmidae","Elminae","Elmini",,"Stenelmis","sp.",,"larva",2,,1,50,2,"N","N","condition OK","Y",,"Brown 1972; Merritt et al. 2019","N","Rhithron Associates, Inc.","B. Moore",,
"bddc80ef-2cf6-4903-81a2-04a996afd447","D06","MCDI","MCDI.AOS.reach","2019-10-04T14:02Z","2020-04-09","MCDI.20191004.CORE.6","D00000057262",,"PROSP23","Y","Procladius sp.",,"genus","Arthropoda","Hexapoda","Insecta","Pterygota","Neoptera","Holometabola","Diptera","Nematocera","Culicomorpha",,"Chironomidae","Tanypodinae","Procladiini",,"Procladius","sp.",,"larva",8,,1,100,1,"N","N","condition OK","Y",,"Weiderholm, 1983; Weiderholm, 1986; Epler 2001; Ferrington et al. 2019; Andersen, Cranston and Epler 2013","N","Rhithron Associates, Inc.","R. Spring",,
"b6a7a441-443e-4785-bb6c-2880a9745d48","D06","MCDI","MCDI.AOS.reach","2019-10-04T14:02Z","2020-04-09","MCDI.20191004.SURBER.1","D00000057258",,"ABLSP","Y","Ablabesmyia sp.",,"genus","Arthropoda","Hexapoda","Insecta","Pterygota","Neoptera","Holometabola","Diptera","Nematocera","Culicomorpha",,"Chironomidae","Tanypodinae","Pentaneurini",,"Ablabesmyia","sp.",,"larva",5,,1,30,3,"N","N","condition OK","Y",,"Weiderholm, 1983; Weiderholm, 1986; Epler 2001; Ferrington et al. 2019; Andersen, Cranston and Epler 2013","N","Rhithron Associates, Inc.","R. Spring",,
"1d2f90d0-9d66-4242-abb9-590b44b1d30c","D06","MCDI","MCDI.AOS.reach","2019-10-04T14:02Z","2020-04-02","MCDI.20191004.CORE.4","D00000057263",,"DASSP2","Y","Dasyhelea sp.",,"genus","Arthropoda","Hexapoda","Insecta","Pterygota","Neoptera","Holometabola","Diptera","Nematocera","Culicomorpha",,"Ceratopogonidae","Dasyheleinae",,,"Dasyhelea","sp.",,"larva",2,,1,100,1,"N","N","condition OK","Y",,"Merritt et al. 2019","Y","Rhithron Associates, Inc.","B. Moore",,
"ba6ab810-686b-4ee3-82c7-593741923fab","D06","MCDI","MCDI.AOS.reach","2019-10-04T14:02Z","2020-04-03","MCDI.20191004.SURBER.2","D00000057259",,"BAEINT","Y","Baetis intercalaris",,"species","Arthropoda","Hexapoda","Insecta","Pterygota","Palaeoptera",,"Ephemeroptera","Pisciforma",,,"Baetidae",,,,"Baetis","intercalaris",,"larva",4,,7,33,21,"N","N","condition OK","Y",,"Morihara and McCafferty 1979; Wiersema, 2004; Webb et al. 2018","N","Rhithron Associates, Inc.","B. Moore",,
"84073ebc-7352-4f57-b2b9-d8d7787e7ea7","D06","MCDI","MCDI.AOS.reach","2019-10-04T14:02Z","2020-04-03","MCDI.20191004.SURBER.1","D00000057258",,"CAESP5","Y","Caenis sp.",,"genus","Arthropoda","Hexapoda","Insecta","Pterygota","Palaeoptera",,"Ephemeroptera","Furcatergalia","Pannota","Caenoidea","Caenidae","Caeninae",,,"Caenis","sp.",,"larva",1,,13,30,43,"Y","N","condition OK","Y",,"Provonsha 1990","N","Rhithron Associates, Inc.","B. Moore",,
"70e1693f-aa8b-4678-bb0f-402e28929223","D06","MCDI","MCDI.AOS.reach","2019-10-04T14:02Z","2020-04-03","MCDI.20191004.SURBER.3","D00000057260",,"PERSP1","Y","Perlidae sp.",,"family","Arthropoda","Hexapoda","Insecta","Pterygota","Neoptera","Polyneoptera","Plecoptera","Systellognatha",,,"Perlidae",,,,,"sp.",,"larva",2,,1,50,2,"Y","N","condition OK","Y",,"Stewart and Stark 2002; Merritt et al. 2019","N","Rhithron Associates, Inc.","B. Moore",,
"0268ceb0-cfd4-4953-af6c-a5f29278f76d","D06","MCDI","MCDI.AOS.reach","2019-10-04T14:02Z","2020-04-03","MCDI.20191004.SURBER.1","D00000057258",,"CAESP5","Y","Caenis sp.",,"genus","Arthropoda","Hexapoda","Insecta","Pterygota","Palaeoptera",,"Ephemeroptera","Furcatergalia","Pannota","Caenoidea","Caenidae","Caeninae",,,"Caenis","sp.",,"larva",2,,1,30,3,"Y","N","condition OK","Y",,"Provonsha 1990","N","Rhithron Associates, Inc.","B. Moore",,
"ec469f72-ee90-40a4-8e99-be7f4ef1ec7b","D06","MCDI","MCDI.AOS.reach","2019-10-04T14:02Z","2020-04-02","MCDI.20191004.CORE.4","D00000057263",,"PHYSP7","Y","Physa sp.",,"genus","Mollusca",,"Gastropoda",,,,"Basommatophora",,,,"Physidae",,,,"Physa","sp.",,"none",1,,1,100,1,"N","N","condition OK","Y",,"Thorp and Rogers 2016","Y","Rhithron Associates, Inc.","B. Moore",,
"9e77d27d-5f87-466e-a08c-d3bbaa9c6885","D06","MCDI","MCDI.AOS.reach","2019-10-04T14:02Z","2020-04-02","MCDI.20191004.CORE.4","D00000057263",,"PISSP2","Y","Pisidiidae sp.",,"family","Mollusca",,"Bivalvia","Heterodonta",,,"Veneroida",,,"Corbiculoidea","Pisidiidae",,,,,"sp.",,"none",1,,3,100,3,"Y","N","condition OK","N",,"Mackie 2007; Thorp and Rogers 2016","Y","Rhithron Associates, Inc.","B. Moore",,
"77f4c900-6ac9-4606-82b0-d2f7ad272fe1","D06","MCDI","MCDI.AOS.reach","2019-10-04T14:02Z","2020-04-03","MCDI.20191004.SURBER.1","D00000057258",,"STEFEM","Y","Stenonema femoratum",,"species","Arthropoda","Hexapoda","Insecta","Pterygota","Palaeoptera",,"Ephemeroptera","Pisciforma",,"Heptagenioidea","Heptageniidae",,,,"Stenonema","femoratum",,"larva",2,,10,30,33,"N","N","condition OK","Y",,"Liechti 1978; Wang and McCafferty 2004; Webb and McCafferty 2008; Merritt et al. 2019","N","Rhithron Associates, Inc.","B. Moore",,
"81b29afa-6410-4c2d-be93-59c98d829342","D06","MCDI","MCDI.AOS.reach","2019-10-04T14:02Z","2020-04-03","MCDI.20191004.SURBER.2","D00000057259",,"STEFEM","Y","Stenonema femoratum",,"species","Arthropoda","Hexapoda","Insecta","Pterygota","Palaeoptera",,"Ephemeroptera","Pisciforma",,"Heptagenioidea","Heptageniidae",,,,"Stenonema","femoratum",,"larva",5,,2,33,6,"N","N","condition OK","Y",,"Liechti 1978; Wang and McCafferty 2004; Webb and McCafferty 2008; Merritt et al. 2019","N","Rhithron Associates, Inc.","B. Moore",,
"4b61a9c0-4240-4d69-9418-fc21ee347ed8","D06","MCDI","MCDI.AOS.reach","2019-10-04T14:02Z","2020-04-09","MCDI.20191004.SURBER.3","D00000057260",,"CORSP19","Y","Corynoneura sp.",,"genus","Arthropoda","Hexapoda","Insecta","Pterygota","Neoptera","Holometabola","Diptera","Nematocera","Culicomorpha",,"Chironomidae","Orthocladiinae",,,"Corynoneura","sp.",,"pupa",1,,3,50,6,"N","N","condition OK","N",,"Weiderholm, 1983; Weiderholm, 1986; Epler 2001; Ferrington et al. 2019; Andersen, Cranston and Epler 2013","N","Rhithron Associates, Inc.","R. Spring",,
"ba1d24b1-4f2b-4b7d-acd1-0c9e7ba44abc","D06","MCDI","MCDI.AOS.reach","2019-10-04T14:02Z","2020-04-03","MCDI.20191004.CORE.6","D00000057262",,"BERSP4","Y","Berosus sp.",,"genus","Arthropoda","Hexapoda","Insecta","Pterygota","Neoptera","Holometabola","Coleoptera","Polyphaga","Staphyliniformia","Hydrophiloidea","Hydrophilidae","Hydrophilinae","Berosini",,"Berosus","sp.",,"larva",5,,1,100,1,"N","N","condition OK","Y",,"Smetana 1988; Merritt et al. 2019","N","Rhithron Associates, Inc.","B. Moore",,
"faee2591-bcb5-40f0-855f-3ffad56a2967","D06","MCDI","MCDI.AOS.reach","2019-10-04T14:02Z","2020-04-03","MCDI.20191004.SURBER.2","D00000057259",,"SIMSP1","Y","Simulium sp.",,"genus","Arthropoda","Hexapoda","Insecta","Pterygota","Neoptera","Holometabola","Diptera","Nematocera","Culicomorpha",,"Simuliidae","Simuliinae","Simuliini",,"Simulium","sp.",,"larva",2,,2,33,6,"N","N","condition OK","Y",,"Adler et al. 2004; Merritt et al. 2019","N","Rhithron Associates, Inc.","B. Moore",,
"e2224b34-d289-4d5e-a206-97a75431f73a","D06","MCDI","MCDI.AOS.reach","2019-10-04T14:02Z","2020-04-03","MCDI.20191004.SURBER.3","D00000057260",,"TURSP","Y","Turbellaria sp.",,"class","Platyhelminthes",,"Turbellaria",,,,,,,,,,,,,"sp.",,"none",2,,1,50,2,"N","N","condition OK","Y",,"Thorp and Rogers 2016","N","Rhithron Associates, Inc.","B. Moore",,
"362b9ebc-87cc-455f-b85f-b256d391eb80","D06","MCDI","MCDI.AOS.reach","2019-10-04T14:02Z","2020-04-09","MCDI.20191004.SURBER.1","D00000057258",,"TANSP11","Y","Tanytarsus sp.",,"genus","Arthropoda","Hexapoda","Insecta","Pterygota","Neoptera","Holometabola","Diptera","Nematocera","Culicomorpha",,"Chironomidae","Chironominae","Tanytarsini",,"Tanytarsus","sp.",,"larva",2,,34,30,113,"N","N","condition OK","Y",,"Weiderholm, 1983; Weiderholm, 1986; Epler 2001; Ferrington et al. 2019; Andersen, Cranston and Epler 2013","N","Rhithron Associates, Inc.","R. Spring",,
"fbb5f08f-774b-4b24-807d-c0537b7848ed","D06","MCDI","MCDI.AOS.reach","2019-10-04T14:02Z","2020-04-09","MCDI.20191004.CORE.5","D00000057261",,"STISP2","Y","Stictochironomus sp.",,"genus","Arthropoda","Hexapoda","Insecta","Pterygota","Neoptera","Holometabola","Diptera","Nematocera","Culicomorpha",,"Chironomidae","Chironominae","Chironomini",,"Stictochironomus","sp.",,"larva",5,,1,100,1,"N","N","condition OK","Y",,"Weiderholm, 1983; Weiderholm, 1986; Epler 2001; Ferrington et al. 2019; Andersen, Cranston and Epler 2013","N","Rhithron Associates, Inc.","R. Spring",,
"508ee63e-7af5-4de1-9bfa-2c820eada221","D06","MCDI","MCDI.AOS.reach","2019-10-04T14:02Z","2020-04-03","MCDI.20191004.SURBER.3","D00000057260",,"STEFEM","Y","Stenonema femoratum",,"species","Arthropoda","Hexapoda","Insecta","Pterygota","Palaeoptera",,"Ephemeroptera","Pisciforma",,"Heptagenioidea","Heptageniidae",,,,"Stenonema","femoratum",,"larva",3,,8,50,16,"N","N","condition OK","Y",,"Liechti 1978; Wang and McCafferty 2004; Webb and McCafferty 2008; Merritt et al. 2019","N","Rhithron Associates, Inc.","B. Moore",,
"dc6b1522-3d72-4e1f-bfd4-a75e11063b8c","D06","MCDI","MCDI.AOS.reach","2019-10-04T14:02Z","2020-04-09","MCDI.20191004.SURBER.3","D00000057260",,"CRISP2","Y","Cricotopus sp.",,"genus","Arthropoda","Hexapoda","Insecta","Pterygota","Neoptera","Holometabola","Diptera","Nematocera","Culicomorpha",,"Chironomidae","Orthocladiinae",,,"Cricotopus","sp.",,"larva",2,,17,50,34,"N","N","condition OK","Y",,"Weiderholm, 1983; Weiderholm, 1986; Epler 2001; Ferrington et al. 2019; Andersen, Cranston and Epler 2013","N","Rhithron Associates, Inc.","R. Spring",,
"dc1ab12d-6e33-4172-8354-6cc1b2fa1d35","D06","MCDI","MCDI.AOS.reach","2019-10-04T14:02Z","2020-04-03","MCDI.20191004.SURBER.2","D00000057259",,"HYDSP5","Y","Hydroptilidae sp.",,"family","Arthropoda","Hexapoda","Insecta","Pterygota","Neoptera","Holometabola","Trichoptera",,,"Hydroptiloidea","Hydroptilidae",,,,,"sp.",,"pupa",3,,1,33,3,"N","N","condition OK","N",,"Wiggins 1996; Merritt et al. 2019","N","Rhithron Associates, Inc.","B. Moore",,
"5eedccd1-6b5e-470a-a2c9-267c5c2242d0","D06","MCDI","MCDI.AOS.reach","2019-10-04T14:02Z","2020-04-03","MCDI.20191004.SURBER.3","D00000057260",,"STEFEM","Y","Stenonema femoratum",,"species","Arthropoda","Hexapoda","Insecta","Pterygota","Palaeoptera",,"Ephemeroptera","Pisciforma",,"Heptagenioidea","Heptageniidae",,,,"Stenonema","femoratum",,"larva",4,,5,50,10,"N","N","condition OK","Y",,"Liechti 1978; Wang and McCafferty 2004; Webb and McCafferty 2008; Merritt et al. 2019","N","Rhithron Associates, Inc.","B. Moore",,
"3ad84c60-b00f-4e77-8a5c-7f286e439194","D06","MCDI","MCDI.AOS.reach","2019-10-04T14:02Z","2020-04-03","MCDI.20191004.SURBER.2","D00000057259",,"TURSP","Y","Turbellaria sp.",,"class","Platyhelminthes",,"Turbellaria",,,,,,,,,,,,,"sp.",,"none",6,,2,33,6,"N","N","condition OK","Y",,"Thorp and Rogers 2016","N","Rhithron Associates, Inc.","B. Moore",,
"b8ddb882-cebb-4a30-aee1-958376a55f0c","D06","MCDI","MCDI.AOS.reach","2019-10-04T14:02Z","2020-04-09","MCDI.20191004.CORE.4","D00000057263",,"DICSP7","Y","Dicrotendipes sp.",,"genus","Arthropoda","Hexapoda","Insecta","Pterygota","Neoptera","Holometabola","Diptera","Nematocera","Culicomorpha",,"Chironomidae","Chironominae","Chironomini",,"Dicrotendipes","sp.",,"larva",2,,1,100,1,"N","N","condition OK","Y",,"Weiderholm, 1983; Weiderholm, 1986; Epler 2001; Ferrington et al. 2019; Andersen, Cranston and Epler 2013","Y","Rhithron Associates, Inc.","R. Spring",,
"ac3a0651-4d41-4da0-8930-4ccba9e15f79","D06","MCDI","MCDI.AOS.reach","2019-10-04T14:02Z","2020-04-03","MCDI.20191004.SURBER.3","D00000057260",,"CHESP5","Y","Cheumatopsyche sp.",,"genus","Arthropoda","Hexapoda","Insecta","Pterygota","Neoptera","Holometabola","Trichoptera",,,"Hydropsychoidea","Hydropsychidae","Hydropsychinae",,,"Cheumatopsyche","sp.",,"larva",4,,5,50,10,"N","N","condition OK","Y",,"Flint et al. 2004; Wiggins 1996; Merritt et al. 2019","N","Rhithron Associates, Inc.","B. Moore",,
"590f3b73-b4b7-455b-ab20-b37b1708a35d","D06","MCDI","MCDI.AOS.reach","2019-10-04T14:02Z","2020-04-03","MCDI.20191004.SURBER.2","D00000057259",,"TORSP6","Y","Torrenticola sp.",,"genus","Arthropoda","Chelicerata","Arachnida","Acari",,"Acariformes","Trombidiformes","Prostigmata",,"Lebertioidea","Torrenticolidae",,,,"Torrenticola","sp.",,"adult",1,,1,33,3,"N","N","condition OK","Y",,"Thorp and Rogers 2016","N","Rhithron Associates, Inc.","B. Moore",,
"5ca0ec26-a9f6-4be7-b8a7-3efa6f6dd289","D06","MCDI","MCDI.AOS.reach","2019-10-04T14:02Z","2020-04-03","MCDI.20191004.SURBER.3","D00000057260",,"STESP6","Y","Stenelmis sp.",,"genus","Arthropoda","Hexapoda","Insecta","Pterygota","Neoptera","Holometabola","Coleoptera","Polyphaga","Elateriformia","Byrrhoidea","Elmidae","Elminae","Elmini",,"Stenelmis","sp.",,"larva",3,,1,50,2,"N","N","condition OK","Y",,"Brown 1972; Merritt et al. 2019","N","Rhithron Associates, Inc.","B. Moore",,
"c9d1d0f8-de71-4208-abf5-d4197fb3a764","D06","MCDI","MCDI.AOS.reach","2019-10-04T14:02Z","2020-04-03","MCDI.20191004.SURBER.1","D00000057258",,"STEFEM","Y","Stenonema femoratum",,"species","Arthropoda","Hexapoda","Insecta","Pterygota","Palaeoptera",,"Ephemeroptera","Pisciforma",,"Heptagenioidea","Heptageniidae",,,,"Stenonema","femoratum",,"larva",3,,4,30,13,"N","N","condition OK","Y",,"Liechti 1978; Wang and McCafferty 2004; Webb and McCafferty 2008; Merritt et al. 2019","N","Rhithron Associates, Inc.","B. Moore",,
"3e074252-6f52-4f34-9bcd-82187e40ca1b","D06","MCDI","MCDI.AOS.reach","2019-10-04T14:02Z","2020-04-02","MCDI.20191004.CORE.4","D00000057263",,"HYGSP2","Y","Hygrobates sp.",,"genus","Arthropoda","Chelicerata","Arachnida","Acari",,"Acariformes","Trombidiformes","Prostigmata",,"Hygrobatoidea","Hygrobatidae",,,,"Hygrobates","sp.",,"adult",1,,2,100,2,"N","N","condition OK","Y",,"Thorp and Rogers 2016","Y","Rhithron Associates, Inc.","B. Moore",,
"9e8fd3b4-03cf-47db-931d-5756ae4e6728","D06","MCDI","MCDI.AOS.reach","2019-10-04T14:02Z","2020-04-03","MCDI.20191004.SURBER.3","D00000057260",,"TURSP","Y","Turbellaria sp.",,"class","Platyhelminthes",,"Turbellaria",,,,,,,,,,,,,"sp.",,"none",3,,1,50,2,"N","N","condition OK","Y",,"Thorp and Rogers 2016","N","Rhithron Associates, Inc.","B. Moore",,
"34579627-33f5-49d1-b4e1-e3b4927df5d0","D06","MCDI","MCDI.AOS.reach","2019-10-04T14:02Z","2020-04-09","MCDI.20191004.SURBER.3","D00000057260",,"EUKCLA","Y","Eukiefferiella claripennis gr.",,"speciesGroup","Arthropoda","Hexapoda","Insecta","Pterygota","Neoptera","Holometabola","Diptera","Nematocera","Culicomorpha",,"Chironomidae","Orthocladiinae",,,"Eukiefferiella","claripennis gr.",,"larva",1,,1,50,2,"N","N","condition OK","Y",,"Weiderholm, 1983; Bode, 1983; Weiderholm, 1986; Epler 2001; Ferrington et al. 2019; Andersen, Cranston and Epler 2013","N","Rhithron Associates, Inc.","R. Spring",,
"1712056e-6f94-4167-a600-a7e0c4f3dc17","D06","MCDI","MCDI.AOS.reach","2019-10-04T14:02Z","2020-04-03","MCDI.20191004.SURBER.3","D00000057260",,"POLSP5","Y","Polycentropodidae sp.",,"family","Arthropoda","Hexapoda","Insecta","Pterygota","Neoptera","Holometabola","Trichoptera",,,"Hydropsychoidea","Polycentropodidae",,,,,"sp.",,"larva",3,,1,50,2,"Y","N","condition OK","Y",,"Flint 1994; Wiggins 1996; Merritt et al. 2019; Chamorro and Holzenthal 2011","N","Rhithron Associates, Inc.","B. Moore",,
"82ba9259-14b4-433b-b1e7-a531936fc6fd","D06","MCDI","MCDI.AOS.reach","2019-10-04T14:02Z","2020-04-09","MCDI.20191004.CORE.4","D00000057263",,"NAISP","Y","Naididae sp.",,"family","Annelida","Clitellata","Oligochaeta","Oligochaeta",,,"Tubificida",,,,"Naididae",,,,,"sp.",,"none",6,,7,100,7,"Y","N","condition OK","N",,"Kathman and Brinkhurst, 1999","Y","Rhithron Associates, Inc.","R. Spring","w/o hc",
"73eaf299-29c6-4c43-96fe-088dbc2c5ed6","D06","MCDI","MCDI.AOS.reach","2019-10-04T14:02Z","2020-04-03","MCDI.20191004.SURBER.3","D00000057260",,"OSTSP","Y","Ostracoda sp.",,"class","Arthropoda","Crustacea","Ostracoda",,,,,,,,,,,,,"sp.",,"none",1,,3,50,6,"N","N","condition OK","Y",,"Thorp and Rogers 2016","N","Rhithron Associates, Inc.","B. Moore",,
"e71bb548-e8c5-4553-ac8f-a65de62677aa","D06","MCDI","MCDI.AOS.reach","2019-10-04T14:02Z","2020-04-09","MCDI.20191004.SURBER.3","D00000057260",,"RHEEXI","Y","Rheotanytarsus exiguus gr.",,"speciesGroup","Arthropoda","Hexapoda","Insecta","Pterygota","Neoptera","Holometabola","Diptera","Nematocera","Culicomorpha",,"Chironomidae","Chironominae","Tanytarsini",,"Rheotanytarsus","exiguus gr.",,"larva",3,,6,50,12,"N","N","condition OK","Y",,"Weiderholm, 1983; Weiderholm, 1986; Epler 2001; Ferrington et al. 2008; Andersen, Cranston and Epler 2013","N","Rhithron Associates, Inc.","R. Spring",,
"21726421-7651-451e-9f92-7c2943a49242","D06","MCDI","MCDI.AOS.reach","2019-10-04T14:02Z","2020-04-09","MCDI.20191004.CORE.5","D00000057261",,"TANSP11","Y","Tanytarsus sp.",,"genus","Arthropoda","Hexapoda","Insecta","Pterygota","Neoptera","Holometabola","Diptera","Nematocera","Culicomorpha",,"Chironomidae","Chironominae","Tanytarsini",,"Tanytarsus","sp.",,"larva",2,,1,100,1,"N","N","condition OK","Y",,"Weiderholm, 1983; Weiderholm, 1986; Epler 2001; Ferrington et al. 2019; Andersen, Cranston and Epler 2013","N","Rhithron Associates, Inc.","R. Spring",,
"ab67439b-3003-4933-9f27-8ba9d97066d4","D06","MCDI","MCDI.AOS.reach","2019-10-04T14:02Z","2020-04-09","MCDI.20191004.CORE.4","D00000057263",,"NAISP","Y","Naididae sp.",,"family","Annelida","Clitellata","Oligochaeta","Oligochaeta",,,"Tubificida",,,,"Naididae",,,,,"sp.",,"none",3,,1,100,1,"Y","N","condition OK","Y",,"Kathman and Brinkhurst, 1999","Y","Rhithron Associates, Inc.","R. Spring","w/hc rhycodrilinae/tubificinae",
"ecb3e8c1-f568-49b6-bb67-f106c20770d4","D06","MCDI","MCDI.AOS.reach","2019-10-04T14:02Z","2020-04-09","MCDI.20191004.SURBER.1","D00000057258",,"CRISP6","Y","Cricotopus/Orthocladius sp.",,"speciesGroup","Arthropoda","Hexapoda","Insecta","Pterygota","Neoptera","Holometabola","Diptera","Nematocera","Culicomorpha",,"Chironomidae","Orthocladiinae",,,"Cricotopus/Orthocladius","sp.",,"larva",1,,11,30,37,"Y","N","condition OK","N",,"Weiderholm, 1983; Weiderholm, 1986; Epler 2001; Ferrington et al. 2008; Andersen, Cranston and Epler 2013","N","Rhithron Associates, Inc.","R. Spring",,
"10d4b6f0-7ffc-4915-a1f5-7191e190858e","D06","MCDI","MCDI.AOS.reach","2019-10-04T14:02Z","2020-04-09","MCDI.20191004.CORE.4","D00000057263",,"CHISP8","Y","Chironomus sp.",,"genus","Arthropoda","Hexapoda","Insecta","Pterygota","Neoptera","Holometabola","Diptera","Nematocera","Culicomorpha",,"Chironomidae","Chironominae","Chironomini",,"Chironomus","sp.",,"larva",9,,1,100,1,"N","N","condition OK","Y",,"Weiderholm, 1983; Weiderholm, 1986; Epler 2001; Ferrington et al. 2019; Andersen, Cranston and Epler 2013","Y","Rhithron Associates, Inc.","R. Spring",,
"7438b955-22d1-4e5b-b93e-bab9b9a3ef11","D06","MCDI","MCDI.AOS.reach","2019-10-04T14:02Z","2020-04-03","MCDI.20191004.SURBER.2","D00000057259",,"CHESP5","Y","Cheumatopsyche sp.",,"genus","Arthropoda","Hexapoda","Insecta","Pterygota","Neoptera","Holometabola","Trichoptera",,,"Hydropsychoidea","Hydropsychidae","Hydropsychinae",,,"Cheumatopsyche","sp.",,"larva",2,,44,33,133,"N","N","condition OK","Y",,"Flint et al. 2004; Wiggins 1996; Merritt et al. 2019","N","Rhithron Associates, Inc.","B. Moore",,
"f993ea29-004d-43dd-a544-43b4f6c12773","D06","MCDI","MCDI.AOS.reach","2019-10-04T14:02Z","2020-04-09","MCDI.20191004.CORE.4","D00000057263",,"NAISP","Y","Naididae sp.",,"family","Annelida","Clitellata","Oligochaeta","Oligochaeta",,,"Tubificida",,,,"Naididae",,,,,"sp.",,"none",8,,2,100,2,"Y","N","condition OK","N",,"Kathman and Brinkhurst, 1999","Y","Rhithron Associates, Inc.","R. Spring","w/o hc",
"9b505baa-8a6b-452f-8d7b-cf821bbc020c","D06","MCDI","MCDI.AOS.reach","2019-10-04T14:02Z","2020-04-03","MCDI.20191004.SURBER.2","D00000057259",,"ACEPYG","Y","Acerpenna pygmaea",,"species","Arthropoda","Hexapoda","Insecta","Pterygota","Palaeoptera",,"Ephemeroptera","Pisciforma",,,"Baetidae",,,,"Acerpenna","pygmaea",,"larva",1,,1,33,3,"N","N","condition OK","Y",,"Morihara and McCafferty 1979","N","Rhithron Associates, Inc.","B. Moore",,
"5fa4015b-4eaf-4ea7-8060-e1e1b12a89f8","D06","MCDI","MCDI.AOS.reach","2019-10-04T14:02Z","2020-04-09","MCDI.20191004.SURBER.1","D00000057258",,"THISP2","Y","Thienemanniella sp.",,"genus","Arthropoda","Hexapoda","Insecta","Pterygota","Neoptera","Holometabola","Diptera","Nematocera","Culicomorpha",,"Chironomidae","Orthocladiinae",,,"Thienemanniella","sp.",,"pupa",1,,1,30,3,"N","N","condition OK","N",,"Weiderholm, 1983; Weiderholm, 1986; Epler 2001; Ferrington et al. 2019; Andersen, Cranston and Epler 2013","N","Rhithron Associates, Inc.","R. Spring",,
"60a21242-0fe4-4157-9a00-404c310513fb","D06","MCDI","MCDI.AOS.reach","2019-10-04T14:02Z","2020-04-09","MCDI.20191004.SURBER.3","D00000057260",,"POLFLA1","Y","Polypedilum flavum",,"species","Arthropoda","Hexapoda","Insecta","Pterygota","Neoptera","Holometabola","Diptera","Nematocera","Culicomorpha",,"Chironomidae","Chironominae","Chironomini",,"Polypedilum","flavum",,"larva",5,,1,50,2,"N","N","condition OK","Y",,"Weiderholm, 1983; Weiderholm, 1986; Epler 2001; Ferrington et al. 2008; Andersen, Cranston and Epler 2015","N","Rhithron Associates, Inc.","R. Spring",,
"50795e8e-9402-410f-a246-acafcedbe4cb","D06","MCDI","MCDI.AOS.reach","2019-10-04T14:02Z","2020-04-03","MCDI.20191004.SURBER.2","D00000057259",,"PERSP2","Y","Perlodidae sp.",,"family","Arthropoda","Hexapoda","Insecta","Pterygota","Neoptera","Polyneoptera","Plecoptera","Systellognatha",,,"Perlodidae",,,,,"sp.",,"larva",2,,1,33,3,"Y","N","condition OK","Y",,"Stewart and Stark 2002; Merritt et al. 2019","N","Rhithron Associates, Inc.","B. Moore",,
"dcdf0520-2f2d-4237-8454-6b5fb18d0223","D06","MCDI","MCDI.AOS.reach","2019-10-04T14:02Z","2020-04-03","MCDI.20191004.CORE.6","D00000057262",,"CERSP10","Y","Ceratopogoninae sp.",,"subfamily","Arthropoda","Hexapoda","Insecta","Pterygota","Neoptera","Holometabola","Diptera","Nematocera","Culicomorpha",,"Ceratopogonidae","Ceratopogoninae",,,,"sp.",,"larva",2,,1,100,1,"N","N","condition OK","Y",,"Merritt et al. 2019","N","Rhithron Associates, Inc.","B. Moore",,
"40b04122-e187-4d21-bf57-517a6dcddc55","D06","MCDI","MCDI.AOS.reach","2019-10-04T14:02Z","2020-04-09","MCDI.20191004.SURBER.2","D00000057259",,"EUKCLA","Y","Eukiefferiella claripennis gr.",,"speciesGroup","Arthropoda","Hexapoda","Insecta","Pterygota","Neoptera","Holometabola","Diptera","Nematocera","Culicomorpha",,"Chironomidae","Orthocladiinae",,,"Eukiefferiella","claripennis gr.",,"larva",3,,1,33,3,"N","N","condition OK","Y",,"Weiderholm, 1983; Bode, 1983; Weiderholm, 1986; Epler 2001; Ferrington et al. 2019; Andersen, Cranston and Epler 2013","N","Rhithron Associates, Inc.","R. Spring",,
"23d8fdb4-63cf-4c56-ae9f-43f365178674","D06","MCDI","MCDI.AOS.reach","2019-10-04T14:02Z","2020-04-03","MCDI.20191004.SURBER.3","D00000057260",,"HEMSP4","Y","Hemerodromia sp.",,"genus","Arthropoda","Hexapoda","Insecta","Pterygota","Neoptera","Holometabola","Diptera","Brachycera","Muscomorpha",,"Empididae","Hemerodromiinae","Hemerodromiini",,"Hemerodromia","sp.",,"larva",1,,1,50,2,"N","N","condition OK","Y",,"Merritt et al. 2019","N","Rhithron Associates, Inc.","B. Moore",,
"4662bb91-0ea8-4f03-9a16-8e10fec51e25","D06","MCDI","MCDI.AOS.reach","2019-10-04T14:02Z","2020-04-09","MCDI.20191004.SURBER.2","D00000057259",,"PARSP26","Y","Parametriocnemus sp.",,"genus","Arthropoda","Hexapoda","Insecta","Pterygota","Neoptera","Holometabola","Diptera","Nematocera","Culicomorpha",,"Chironomidae","Orthocladiinae",,,"Parametriocnemus","sp.",,"larva",4,,1,33,3,"N","N","condition OK","Y",,"Weiderholm, 1983; Weiderholm, 1986; Epler 2001; Ferrington et al. 2019; Andersen, Cranston and Epler 2013","N","Rhithron Associates, Inc.","R. Spring",,
"2946466f-735a-4d77-936f-b2b97332c721","D06","MCDI","MCDI.AOS.reach","2019-10-04T14:02Z","2020-04-03","MCDI.20191004.SURBER.1","D00000057258",,"CHESP5","Y","Cheumatopsyche sp.",,"genus","Arthropoda","Hexapoda","Insecta","Pterygota","Neoptera","Holometabola","Trichoptera",,,"Hydropsychoidea","Hydropsychidae","Hydropsychinae",,,"Cheumatopsyche","sp.",,"larva",2,,1,30,3,"N","N","condition OK","Y",,"Flint et al. 2004; Wiggins 1996; Merritt et al. 2019","N","Rhithron Associates, Inc.","B. Moore",,
"a962bb32-8a0e-4e0f-81c1-73b1aace045c","D06","MCDI","MCDI.AOS.reach","2019-10-04T14:02Z","2020-04-03","MCDI.20191004.SURBER.1","D00000057258",,"STESP11","Y","Stenacron sp.",,"genus","Arthropoda","Hexapoda","Insecta","Pterygota","Palaeoptera",,"Ephemeroptera","Pisciforma",,"Heptagenioidea","Heptageniidae",,,,"Stenacron","sp.",,"larva",2,,1,30,3,"N","N","condition OK","Y",,"Merritt et al. 2019","N","Rhithron Associates, Inc.","B. Moore",,
"7cf8d852-aefa-4ce8-bbbd-5b3b81c6cf06","D06","MCDI","MCDI.AOS.reach","2019-10-04T14:02Z","2020-04-03","MCDI.20191004.SURBER.1","D00000057258",,"OSTSP","Y","Ostracoda sp.",,"class","Arthropoda","Crustacea","Ostracoda",,,,,,,,,,,,,"sp.",,"none",1,,3,30,10,"N","N","condition OK","Y",,"Thorp and Rogers 2016","N","Rhithron Associates, Inc.","B. Moore",,
"52d72697-aac8-4de3-b7e5-ff06c8ca1055","D06","MCDI","MCDI.AOS.reach","2019-10-04T14:02Z","2020-04-09","MCDI.20191004.SURBER.1","D00000057258",,"CORSP19","Y","Corynoneura sp.",,"genus","Arthropoda","Hexapoda","Insecta","Pterygota","Neoptera","Holometabola","Diptera","Nematocera","Culicomorpha",,"Chironomidae","Orthocladiinae",,,"Corynoneura","sp.",,"pupa",1,,6,30,20,"N","N","condition OK","N",,"Weiderholm, 1983; Weiderholm, 1986; Epler 2001; Ferrington et al. 2019; Andersen, Cranston and Epler 2013","N","Rhithron Associates, Inc.","R. Spring",,
"bef8d6f2-5222-40fc-9870-a2f048337a83","D06","MCDI","MCDI.AOS.reach","2019-10-04T14:02Z","2020-04-03","MCDI.20191004.CORE.5","D00000057261",,"CAESP5","Y","Caenis sp.",,"genus","Arthropoda","Hexapoda","Insecta","Pterygota","Palaeoptera",,"Ephemeroptera","Furcatergalia","Pannota","Caenoidea","Caenidae","Caeninae",,,"Caenis","sp.",,"larva",2,,9,100,9,"Y","N","condition OK","Y",,"Provonsha 1990","N","Rhithron Associates, Inc.","B. Moore",,
"de69f77a-cb4c-4277-80f4-acdcaab28913","D06","MCDI","MCDI.AOS.reach","2019-10-04T14:02Z","2020-04-09","MCDI.20191004.SURBER.3","D00000057260",,"POLSP13","Y","Polypedilum sp.",,"genus","Arthropoda","Hexapoda","Insecta","Pterygota","Neoptera","Holometabola","Diptera","Nematocera","Culicomorpha",,"Chironomidae","Chironominae","Chironomini",,"Polypedilum","sp.",,"larva",1,,6,50,12,"Y","N","condition OK","N",,"Weiderholm, 1983; Weiderholm, 1986; Epler 2001; Ferrington et al. 2008; Andersen, Cranston and Epler 2013","N","Rhithron Associates, Inc.","R. Spring",,
"d7a2121f-999b-45c9-acf7-c85ef6ff3c05","D06","MCDI","MCDI.AOS.reach","2019-10-04T14:02Z","2020-04-03","MCDI.20191004.SURBER.2","D00000057259",,"FALSP","Y","Fallceon sp.",,"genus","Arthropoda","Hexapoda","Insecta","Pterygota","Palaeoptera",,"Ephemeroptera","Pisciforma",,,"Baetidae",,,,"Fallceon","sp.",,"larva",1,,69,33,209,"N","N","condition OK","Y",,"Merritt et al. 2019","N","Rhithron Associates, Inc.","B. Moore",,
"2694a963-9306-4fee-92fe-a9bda2db5925","D06","MCDI","MCDI.AOS.reach","2019-10-04T14:02Z","2020-04-09","MCDI.20191004.CORE.4","D00000057263",,"NAISP","Y","Naididae sp.",,"family","Annelida","Clitellata","Oligochaeta","Oligochaeta",,,"Tubificida",,,,"Naididae",,,,,"sp.",,"none",5,,18,100,18,"Y","N","condition OK","N",,"Kathman and Brinkhurst, 1999","Y","Rhithron Associates, Inc.","R. Spring","w/o hc",
"e2e1215d-5291-4a0e-b78b-f2da74d9bf1c","D06","MCDI","MCDI.AOS.reach","2019-10-04T14:02Z","2020-04-09","MCDI.20191004.CORE.5","D00000057261",,"HYDSP26","Y","Hydrobaenus sp.",,"genus","Arthropoda","Hexapoda","Insecta","Pterygota","Neoptera","Holometabola","Diptera","Nematocera","Culicomorpha",,"Chironomidae","Orthocladiinae",,,"Hydrobaenus","sp.",,"larva",1,,1,100,1,"N","N","condition OK","Y",,"Weiderholm, 1983; Weiderholm, 1986; Epler 2001; Ferrington et al. 2019; Andersen, Cranston and Epler 2013","N","Rhithron Associates, Inc.","R. Spring",,
"c7978611-99a6-47cc-9083-49457091d17b","D06","MCDI","MCDI.AOS.reach","2019-10-04T14:02Z","2020-04-09","MCDI.20191004.CORE.5","D00000057261",,"STISP2","Y","Stictochironomus sp.",,"genus","Arthropoda","Hexapoda","Insecta","Pterygota","Neoptera","Holometabola","Diptera","Nematocera","Culicomorpha",,"Chironomidae","Chironominae","Chironomini",,"Stictochironomus","sp.",,"larva",3,,1,100,1,"N","N","condition OK","Y",,"Weiderholm, 1983; Weiderholm, 1986; Epler 2001; Ferrington et al. 2019; Andersen, Cranston and Epler 2013","N","Rhithron Associates, Inc.","R. Spring",,
"ae5af294-2a64-4f70-9d74-cac3cf027fe4","D06","MCDI","MCDI.AOS.reach","2019-10-04T14:02Z","2020-04-09","MCDI.20191004.SURBER.2","D00000057259",,"THISP2","Y","Thienemanniella sp.",,"genus","Arthropoda","Hexapoda","Insecta","Pterygota","Neoptera","Holometabola","Diptera","Nematocera","Culicomorpha",,"Chironomidae","Orthocladiinae",,,"Thienemanniella","sp.",,"larva",2,,6,33,18,"N","N","condition OK","Y",,"Weiderholm, 1983; Weiderholm, 1986; Epler 2001; Ferrington et al. 2019; Andersen, Cranston and Epler 2013","N","Rhithron Associates, Inc.","R. Spring",,
"562885c7-e8ba-44f4-b1d9-7b70959420e8","D06","MCDI","MCDI.AOS.reach","2019-10-04T14:02Z","2020-04-09","MCDI.20191004.SURBER.1","D00000057258",,"CORSP19","Y","Corynoneura sp.",,"genus","Arthropoda","Hexapoda","Insecta","Pterygota","Neoptera","Holometabola","Diptera","Nematocera","Culicomorpha",,"Chironomidae","Orthocladiinae",,,"Corynoneura","sp.",,"larva",1,,3,30,10,"N","N","condition OK","Y",,"Weiderholm, 1983; Weiderholm, 1986; Epler 2001; Ferrington et al. 2019; Andersen, Cranston and Epler 2013","N","Rhithron Associates, Inc.","R. Spring",,
"0e647b7a-2eed-499a-acf9-3ae54a142e15","D06","MCDI","MCDI.AOS.reach","2019-10-04T14:02Z","2020-04-09","MCDI.20191004.CORE.6","D00000057262",,"DICSP7","Y","Dicrotendipes sp.",,"genus","Arthropoda","Hexapoda","Insecta","Pterygota","Neoptera","Holometabola","Diptera","Nematocera","Culicomorpha",,"Chironomidae","Chironominae","Chironomini",,"Dicrotendipes","sp.",,"larva",3,,1,100,1,"N","N","condition OK","Y",,"Weiderholm, 1983; Weiderholm, 1986; Epler 2001; Ferrington et al. 2019; Andersen, Cranston and Epler 2013","N","Rhithron Associates, Inc.","R. Spring",,
"87560efe-fa5c-4a54-9a6a-593521c4cc55","D06","MCDI","MCDI.AOS.reach","2019-10-04T14:02Z","2020-04-03","MCDI.20191004.SURBER.1","D00000057258",,"TURSP","Y","Turbellaria sp.",,"class","Platyhelminthes",,"Turbellaria",,,,,,,,,,,,,"sp.",,"none",3,,1,30,3,"N","N","condition OK","Y",,"Thorp and Rogers 2016","N","Rhithron Associates, Inc.","B. Moore",,
"a8db2fb9-69ff-472e-aa18-d160d8645539","D06","MCDI","MCDI.AOS.reach","2019-10-04T14:02Z","2020-04-09","MCDI.20191004.SURBER.3","D00000057260",,"TANSP11","Y","Tanytarsus sp.",,"genus","Arthropoda","Hexapoda","Insecta","Pterygota","Neoptera","Holometabola","Diptera","Nematocera","Culicomorpha",,"Chironomidae","Chironominae","Tanytarsini",,"Tanytarsus","sp.",,"larva",2,,5,50,10,"N","N","condition OK","Y",,"Weiderholm, 1983; Weiderholm, 1986; Epler 2001; Ferrington et al. 2019; Andersen, Cranston and Epler 2013","N","Rhithron Associates, Inc.","R. Spring",,
"ced0c43d-ae21-41e7-b380-c93ff2fdc627","D06","MCDI","MCDI.AOS.reach","2019-10-04T14:02Z","2020-04-03","MCDI.20191004.SURBER.1","D00000057258",,"FALSP","Y","Fallceon sp.",,"genus","Arthropoda","Hexapoda","Insecta","Pterygota","Palaeoptera",,"Ephemeroptera","Pisciforma",,,"Baetidae",,,,"Fallceon","sp.",,"larva",3,,1,30,3,"N","N","condition OK","Y",,"Merritt et al. 2019","N","Rhithron Associates, Inc.","B. Moore",,
"456d890a-c693-4331-a4f4-a60f1363067d","D06","MCDI","MCDI.AOS.reach","2019-10-04T14:02Z","2020-04-09","MCDI.20191004.CORE.5","D00000057261",,"NAICOM","Y","Nais communis/variabilis",,"speciesGroup","Annelida","Clitellata","Oligochaeta","Oligochaeta",,,"Tubificida",,,,"Naididae","Naidinae",,,"Nais","communis/variabilis",,"none",3,,3,100,3,"Y","N","condition OK","Y",,"Kathman and Brinkhurst, 1999","N","Rhithron Associates, Inc.","R. Spring",,
"c69771f1-f810-4443-99c8-d518b29aae60","D06","MCDI","MCDI.AOS.reach","2019-10-04T14:02Z","2020-04-09","MCDI.20191004.SURBER.1","D00000057258",,"THISP2","Y","Thienemanniella sp.",,"genus","Arthropoda","Hexapoda","Insecta","Pterygota","Neoptera","Holometabola","Diptera","Nematocera","Culicomorpha",,"Chironomidae","Orthocladiinae",,,"Thienemanniella","sp.",,"larva",1,,3,30,10,"N","N","condition OK","Y",,"Weiderholm, 1983; Weiderholm, 1986; Epler 2001; Ferrington et al. 2019; Andersen, Cranston and Epler 2013","N","Rhithron Associates, Inc.","R. Spring",,
"33a0fad6-5463-4bb0-ad1d-ad17a31a70b3","D06","MCDI","MCDI.AOS.reach","2019-10-04T14:02Z","2020-04-03","MCDI.20191004.SURBER.3","D00000057260",,"BAEINT","Y","Baetis intercalaris",,"species","Arthropoda","Hexapoda","Insecta","Pterygota","Palaeoptera",,"Ephemeroptera","Pisciforma",,,"Baetidae",,,,"Baetis","intercalaris",,"larva",4,,1,50,2,"N","N","condition OK","Y",,"Morihara and McCafferty 1979; Wiersema, 2004; Webb et al. 2018","N","Rhithron Associates, Inc.","B. Moore",,
"13da4c26-8bd6-4fe7-8696-0da95e70c363","D06","MCDI","MCDI.AOS.reach","2019-10-04T14:02Z","2020-04-03","MCDI.20191004.CORE.6","D00000057262",,"CAESP5","Y","Caenis sp.",,"genus","Arthropoda","Hexapoda","Insecta","Pterygota","Palaeoptera",,"Ephemeroptera","Furcatergalia","Pannota","Caenoidea","Caenidae","Caeninae",,,"Caenis","sp.",,"larva",2,,9,100,9,"Y","N","condition OK","Y",,"Provonsha 1990","N","Rhithron Associates, Inc.","B. Moore",,
"2ba0fa3b-ce4d-4285-91f2-f958674fefe6","D06","MCDI","MCDI.AOS.reach","2019-10-04T14:02Z","2020-04-09","MCDI.20191004.SURBER.1","D00000057258",,"ORTSP1","Y","Orthocladiinae sp.",,"subfamily","Arthropoda","Hexapoda","Insecta","Pterygota","Neoptera","Holometabola","Diptera","Nematocera","Culicomorpha",,"Chironomidae","Orthocladiinae",,,,"sp.",,"larva",1,,6,30,20,"Y","N","condition OK","N",,"Weiderholm, 1983; Weiderholm, 1986; Epler 2001; Ferrington et al. 2019; Andersen, Cranston and Epler 2013","N","Rhithron Associates, Inc.","R. Spring",,
"aa64b411-317c-46f3-88d1-91d0324c61ab","D06","MCDI","MCDI.AOS.reach","2019-10-04T14:02Z","2020-04-09","MCDI.20191004.CORE.5","D00000057261",,"CHISP8","Y","Chironomus sp.",,"genus","Arthropoda","Hexapoda","Insecta","Pterygota","Neoptera","Holometabola","Diptera","Nematocera","Culicomorpha",,"Chironomidae","Chironominae","Chironomini",,"Chironomus","sp.",,"larva",10,,1,100,1,"N","N","condition OK","Y",,"Weiderholm, 1983; Weiderholm, 1986; Epler 2001; Ferrington et al. 2019; Andersen, Cranston and Epler 2013","N","Rhithron Associates, Inc.","R. Spring",,
"16fbdf62-fbd3-4445-ae65-7f6435eddb33","D06","MCDI","MCDI.AOS.reach","2019-10-04T14:02Z","2020-04-03","MCDI.20191004.SURBER.3","D00000057260",,"CHESP5","Y","Cheumatopsyche sp.",,"genus","Arthropoda","Hexapoda","Insecta","Pterygota","Neoptera","Holometabola","Trichoptera",,,"Hydropsychoidea","Hydropsychidae","Hydropsychinae",,,"Cheumatopsyche","sp.",,"larva",6,,2,50,4,"N","N","condition OK","Y",,"Flint et al. 2004; Wiggins 1996; Merritt et al. 2019","N","Rhithron Associates, Inc.","B. Moore",,
"167d8eb4-374b-4ce4-a8ca-94624b4cffcb","D06","MCDI","MCDI.AOS.reach","2019-10-04T14:02Z","2020-04-09","MCDI.20191004.CORE.4","D00000057263",,"PARSP34","Y","Paratanytarsus sp.",,"genus","Arthropoda","Hexapoda","Insecta","Pterygota","Neoptera","Holometabola","Diptera","Nematocera","Culicomorpha",,"Chironomidae","Chironominae","Tanytarsini",,"Paratanytarsus","sp.",,"larva",1,,1,100,1,"N","N","condition OK","Y",,"Weiderholm, 1983; Weiderholm, 1986; Epler 2001; Ferrington et al. 2019; Andersen, Cranston and Epler 2013","Y","Rhithron Associates, Inc.","R. Spring",,
"8adda6f2-1be9-41bb-81ba-ea9df9c192eb","D06","MCDI","MCDI.AOS.reach","2019-10-04T14:02Z","2020-04-09","MCDI.20191004.SURBER.2","D00000057259",,"THISP2","Y","Thienemanniella sp.",,"genus","Arthropoda","Hexapoda","Insecta","Pterygota","Neoptera","Holometabola","Diptera","Nematocera","Culicomorpha",,"Chironomidae","Orthocladiinae",,,"Thienemanniella","sp.",,"larva",1,,3,33,9,"N","N","condition OK","Y",,"Weiderholm, 1983; Weiderholm, 1986; Epler 2001; Ferrington et al. 2019; Andersen, Cranston and Epler 2013","N","Rhithron Associates, Inc.","R. Spring",,
"70f40ead-c620-4056-a8d3-f94bd8e5a21d","D06","MCDI","MCDI.AOS.reach","2019-10-04T14:02Z","2020-04-03","MCDI.20191004.SURBER.3","D00000057260",,"SIMSP1","Y","Simulium sp.",,"genus","Arthropoda","Hexapoda","Insecta","Pterygota","Neoptera","Holometabola","Diptera","Nematocera","Culicomorpha",,"Simuliidae","Simuliinae","Simuliini",,"Simulium","sp.",,"larva",3,,2,50,4,"N","N","condition OK","Y",,"Adler et al. 2004; Merritt et al. 2019","N","Rhithron Associates, Inc.","B. Moore",,
"7b2c054b-6603-414e-ae60-c38682aa4248","D06","MCDI","MCDI.AOS.reach","2019-10-04T14:02Z","2020-04-03","MCDI.20191004.SURBER.2","D00000057259",,"STEFEM","Y","Stenonema femoratum",,"species","Arthropoda","Hexapoda","Insecta","Pterygota","Palaeoptera",,"Ephemeroptera","Pisciforma",,"Heptagenioidea","Heptageniidae",,,,"Stenonema","femoratum",,"larva",6,,1,33,3,"N","N","condition OK","Y",,"Liechti 1978; Wang and McCafferty 2004; Webb and McCafferty 2008; Merritt et al. 2019","N","Rhithron Associates, Inc.","B. Moore",,
"49ce5eb3-ebc8-4850-8208-4712c572962f","D06","MCDI","MCDI.AOS.reach","2019-10-04T14:02Z","2020-04-09","MCDI.20191004.CORE.5","D00000057261",,"CHISP6","Y","Chironomini sp.",,"tribe","Arthropoda","Hexapoda","Insecta","Pterygota","Neoptera","Holometabola","Diptera","Nematocera","Culicomorpha",,"Chironomidae","Chironominae","Chironomini",,,"sp.",,"pupa",3,,1,100,1,"N","N","damaged, affecting taxonomy and measurement","N",,"Weiderholm, 1983; Weiderholm, 1986; Epler 2001; Ferrington et al. 2019; Andersen, Cranston and Epler 2013","N","Rhithron Associates, Inc.","R. Spring","Paratendipes?",
"a84e72c7-9e27-4b8a-baaf-27f958559924","D06","MCDI","MCDI.AOS.reach","2019-10-04T14:02Z","2020-04-09","MCDI.20191004.CORE.5","D00000057261",,"NAICOM","Y","Nais communis/variabilis",,"speciesGroup","Annelida","Clitellata","Oligochaeta","Oligochaeta",,,"Tubificida",,,,"Naididae","Naidinae",,,"Nais","communis/variabilis",,"none",2,,13,100,13,"Y","N","condition OK","Y",,"Kathman and Brinkhurst, 1999","N","Rhithron Associates, Inc.","R. Spring",,
"1f6c6b98-8fda-4c22-b440-930fec02bcd9","D06","MCDI","MCDI.AOS.reach","2019-10-04T14:02Z","2020-04-09","MCDI.20191004.SURBER.3","D00000057260",,"RHEEXI","Y","Rheotanytarsus exiguus gr.",,"speciesGroup","Arthropoda","Hexapoda","Insecta","Pterygota","Neoptera","Holometabola","Diptera","Nematocera","Culicomorpha",,"Chironomidae","Chironominae","Tanytarsini",,"Rheotanytarsus","exiguus gr.",,"larva",2,,27,50,54,"N","N","condition OK","Y",,"Weiderholm, 1983; Weiderholm, 1986; Epler 2001; Ferrington et al. 2008; Andersen, Cranston and Epler 2013","N","Rhithron Associates, Inc.","R. Spring",,
"f367a5f6-82b0-4f3d-a22d-2d0403f31582","D06","MCDI","MCDI.AOS.reach","2019-10-04T14:02Z","2020-04-03","MCDI.20191004.SURBER.1","D00000057258",,"FALSP","Y","Fallceon sp.",,"genus","Arthropoda","Hexapoda","Insecta","Pterygota","Palaeoptera",,"Ephemeroptera","Pisciforma",,,"Baetidae",,,,"Fallceon","sp.",,"larva",1,,38,30,127,"N","N","condition OK","Y",,"Merritt et al. 2019","N","Rhithron Associates, Inc.","B. Moore",,
"18d2c774-9dbf-427e-8018-e06c95adf903","D06","MCDI","MCDI.AOS.reach","2019-10-04T14:02Z","2020-04-09","MCDI.20191004.CORE.4","D00000057263",,"LUMSP2","Y","Lumbriculidae sp.",,"family","Annelida","Clitellata","Oligochaeta","Oligochaeta",,,"Lumbriculida",,,,"Lumbriculidae",,,,,"sp.",,"none",2,,2,100,2,"Y","N","condition OK","Y",,"Kathman and Brinkhurst, 1999","Y","Rhithron Associates, Inc.","R. Spring",,
"50cf8c10-d10f-44d8-87b7-0e83c4df7493","D06","MCDI","MCDI.AOS.reach","2019-10-04T14:02Z","2020-04-03","MCDI.20191004.SURBER.3","D00000057260",,"CHESP5","Y","Cheumatopsyche sp.",,"genus","Arthropoda","Hexapoda","Insecta","Pterygota","Neoptera","Holometabola","Trichoptera",,,"Hydropsychoidea","Hydropsychidae","Hydropsychinae",,,"Cheumatopsyche","sp.",,"larva",3,,11,50,22,"N","N","condition OK","Y",,"Flint et al. 2004; Wiggins 1996; Merritt et al. 2019","N","Rhithron Associates, Inc.","B. Moore",,
"f5e6e9e1-756f-45df-a23b-c141decc0b19","D06","MCDI","MCDI.AOS.reach","2019-10-04T14:02Z","2020-04-09","MCDI.20191004.SURBER.1","D00000057258",,"CRISP2","Y","Cricotopus sp.",,"genus","Arthropoda","Hexapoda","Insecta","Pterygota","Neoptera","Holometabola","Diptera","Nematocera","Culicomorpha",,"Chironomidae","Orthocladiinae",,,"Cricotopus","sp.",,"larva",2,,79,30,263,"N","N","condition OK","Y",,"Weiderholm, 1983; Weiderholm, 1986; Epler 2001; Ferrington et al. 2019; Andersen, Cranston and Epler 2013","N","Rhithron Associates, Inc.","R. Spring",,
"50593c84-6d9f-47dd-a34b-b1f56d3072fd","D06","MCDI","MCDI.AOS.reach","2019-10-04T14:02Z","2020-04-03","MCDI.20191004.CORE.6","D00000057262",,"CERSP10","Y","Ceratopogoninae sp.",,"subfamily","Arthropoda","Hexapoda","Insecta","Pterygota","Neoptera","Holometabola","Diptera","Nematocera","Culicomorpha",,"Ceratopogonidae","Ceratopogoninae",,,,"sp.",,"larva",4,,2,100,2,"N","N","condition OK","Y",,"Merritt et al. 2019","N","Rhithron Associates, Inc.","B. Moore",,
"40564a81-6997-41f6-ae9a-45664287851a","D06","MCDI","MCDI.AOS.reach","2019-10-04T14:02Z","2020-04-03","MCDI.20191004.SURBER.2","D00000057259",,"STEFEM","Y","Stenonema femoratum",,"species","Arthropoda","Hexapoda","Insecta","Pterygota","Palaeoptera",,"Ephemeroptera","Pisciforma",,"Heptagenioidea","Heptageniidae",,,,"Stenonema","femoratum",,"larva",4,,7,33,21,"N","N","condition OK","Y",,"Liechti 1978; Wang and McCafferty 2004; Webb and McCafferty 2008; Merritt et al. 2019","N","Rhithron Associates, Inc.","B. Moore",,
"b80d4d8b-bd45-4892-825c-4940be1cb220","D06","MCDI","MCDI.AOS.reach","2019-10-04T14:02Z","2020-04-03","MCDI.20191004.CORE.6","D00000057262",,"CERSP10","Y","Ceratopogoninae sp.",,"subfamily","Arthropoda","Hexapoda","Insecta","Pterygota","Neoptera","Holometabola","Diptera","Nematocera","Culicomorpha",,"Ceratopogonidae","Ceratopogoninae",,,,"sp.",,"larva",5,,2,100,2,"N","N","condition OK","Y",,"Merritt et al. 2019","N","Rhithron Associates, Inc.","B. Moore",,
"cc2301c5-6afd-4ea3-b859-0d71b02317ac","D06","MCDI","MCDI.AOS.reach","2019-10-04T14:02Z","2020-04-09","MCDI.20191004.SURBER.3","D00000057260",,"THISP2","Y","Thienemanniella sp.",,"genus","Arthropoda","Hexapoda","Insecta","Pterygota","Neoptera","Holometabola","Diptera","Nematocera","Culicomorpha",,"Chironomidae","Orthocladiinae",,,"Thienemanniella","sp.",,"larva",1,,1,50,2,"N","N","condition OK","Y",,"Weiderholm, 1983; Weiderholm, 1986; Epler 2001; Ferrington et al. 2019; Andersen, Cranston and Epler 2013","N","Rhithron Associates, Inc.","R. Spring",,
"14be1ac8-c0e6-4402-9686-88c1f715bf40","D06","MCDI","MCDI.AOS.reach","2019-10-04T14:02Z","2020-04-09","MCDI.20191004.CORE.4","D00000057263",,"HYDSP26","Y","Hydrobaenus sp.",,"genus","Arthropoda","Hexapoda","Insecta","Pterygota","Neoptera","Holometabola","Diptera","Nematocera","Culicomorpha",,"Chironomidae","Orthocladiinae",,,"Hydrobaenus","sp.",,"larva",1,,1,100,1,"N","N","condition OK","Y",,"Weiderholm, 1983; Weiderholm, 1986; Epler 2001; Ferrington et al. 2019; Andersen, Cranston and Epler 2013","Y","Rhithron Associates, Inc.","R. Spring",,
"ab85c956-996f-43c3-b11c-6e7f4c13d457","D06","MCDI","MCDI.AOS.reach","2019-10-04T14:02Z","2020-04-02","MCDI.20191004.CORE.4","D00000057263",,"ATRSP3","Y","Atractides sp.",,"genus","Arthropoda","Chelicerata","Arachnida","Acari",,"Acariformes","Trombidiformes","Prostigmata",,"Hygrobatoidea","Hygrobatidae",,,,"Atractides","sp.",,"adult",1,,1,100,1,"N","N","condition OK","Y",,"Thorp and Rogers 2016","Y","Rhithron Associates, Inc.","B. Moore",,
"78d686b2-e9a8-4642-bcb2-2f1ce01185b4","D06","MCDI","MCDI.AOS.reach","2019-10-04T14:02Z","2020-04-09","MCDI.20191004.CORE.5","D00000057261",,"PARSP33","Y","Paratendipes sp.",,"genus","Arthropoda","Hexapoda","Insecta","Pterygota","Neoptera","Holometabola","Diptera","Nematocera","Culicomorpha",,"Chironomidae","Chironominae","Chironomini",,"Paratendipes","sp.",,"larva",3,,1,100,1,"N","N","condition OK","Y",,"Weiderholm, 1983; Weiderholm, 1986; Epler 2001; Ferrington et al. 2019; Andersen, Cranston and Epler 2013","N","Rhithron Associates, Inc.","R. Spring",,
"d169c3fa-7499-47fa-beb7-697ceb89f4ae","D06","MCDI","MCDI.AOS.reach","2019-10-04T14:02Z","2020-04-09","MCDI.20191004.CORE.4","D00000057263",,"CRISP2","Y","Cricotopus sp.",,"genus","Arthropoda","Hexapoda","Insecta","Pterygota","Neoptera","Holometabola","Diptera","Nematocera","Culicomorpha",,"Chironomidae","Orthocladiinae",,,"Cricotopus","sp.",,"larva",3,,1,100,1,"N","N","condition OK","Y",,"Weiderholm, 1983; Weiderholm, 1986; Epler 2001; Ferrington et al. 2019; Andersen, Cranston and Epler 2013","Y","Rhithron Associates, Inc.","R. Spring",,
"87a6185e-f650-4dba-acab-188917f40ea7","D06","MCDI","MCDI.AOS.reach","2019-10-04T14:02Z","2020-04-03","MCDI.20191004.SURBER.3","D00000057260",,"FALSP","Y","Fallceon sp.",,"genus","Arthropoda","Hexapoda","Insecta","Pterygota","Palaeoptera",,"Ephemeroptera","Pisciforma",,,"Baetidae",,,,"Fallceon","sp.",,"larva",3,,12,50,24,"N","N","condition OK","Y",,"Merritt et al. 2019","N","Rhithron Associates, Inc.","B. Moore",,
"0de4256e-93c3-4c08-9b54-f92f99639568","D06","MCDI","MCDI.AOS.reach","2019-10-04T14:02Z","2020-04-03","MCDI.20191004.SURBER.3","D00000057260",,"STEFEM","Y","Stenonema femoratum",,"species","Arthropoda","Hexapoda","Insecta","Pterygota","Palaeoptera",,"Ephemeroptera","Pisciforma",,"Heptagenioidea","Heptageniidae",,,,"Stenonema","femoratum",,"larva",1,,45,50,90,"N","N","condition OK","Y",,"Liechti 1978; Wang and McCafferty 2004; Webb and McCafferty 2008; Merritt et al. 2019","N","Rhithron Associates, Inc.","B. Moore",,
"008e40cd-51a2-4472-8db0-3b9a8a338b81","D06","MCDI","MCDI.AOS.reach","2019-10-04T14:02Z","2020-04-09","MCDI.20191004.SURBER.2","D00000057259",,"RHEEXI","Y","Rheotanytarsus exiguus gr.",,"speciesGroup","Arthropoda","Hexapoda","Insecta","Pterygota","Neoptera","Holometabola","Diptera","Nematocera","Culicomorpha",,"Chironomidae","Chironominae","Tanytarsini",,"Rheotanytarsus","exiguus gr.",,"larva",3,,1,33,3,"N","N","condition OK","Y",,"Weiderholm, 1983; Weiderholm, 1986; Epler 2001; Ferrington et al. 2008; Andersen, Cranston and Epler 2013","N","Rhithron Associates, Inc.","R. Spring",,
"60786663-7b2b-4c7c-9e9e-5b7e91512b86","D06","MCDI","MCDI.AOS.reach","2019-10-04T14:02Z","2020-04-09","MCDI.20191004.CORE.4","D00000057263",,"NAISP","Y","Naididae sp.",,"family","Annelida","Clitellata","Oligochaeta","Oligochaeta",,,"Tubificida",,,,"Naididae",,,,,"sp.",,"none",7,,6,100,6,"Y","N","condition OK","N",,"Kathman and Brinkhurst, 1999","Y","Rhithron Associates, Inc.","R. Spring","w/o hc",
"3663e534-e555-4246-b23e-fef63ba9bc7f","D06","MCDI","MCDI.AOS.reach","2019-10-04T14:02Z","2020-04-03","MCDI.20191004.SURBER.2","D00000057259",,"TURSP","Y","Turbellaria sp.",,"class","Platyhelminthes",,"Turbellaria",,,,,,,,,,,,,"sp.",,"none",4,,5,33,15,"N","N","condition OK","Y",,"Thorp and Rogers 2016","N","Rhithron Associates, Inc.","B. Moore",,
"37384a54-b99d-407d-8b3d-a91b2365d844","D06","MCDI","MCDI.AOS.reach","2019-10-04T14:02Z","2020-04-03","MCDI.20191004.SURBER.3","D00000057260",,"FALSP","Y","Fallceon sp.",,"genus","Arthropoda","Hexapoda","Insecta","Pterygota","Palaeoptera",,"Ephemeroptera","Pisciforma",,,"Baetidae",,,,"Fallceon","sp.",,"larva",1,,65,50,130,"N","N","condition OK","Y",,"Merritt et al. 2019","N","Rhithron Associates, Inc.","B. Moore",,
"bd198ae9-cba5-43d0-8f49-e8f3d385f0f1","D06","MCDI","MCDI.AOS.reach","2019-10-04T14:02Z","2020-04-09","MCDI.20191004.SURBER.3","D00000057260",,"MICSP5","Y","Microtendipes sp.",,"genus","Arthropoda","Hexapoda","Insecta","Pterygota","Neoptera","Holometabola","Diptera","Nematocera","Culicomorpha",,"Chironomidae","Chironominae","Chironomini",,"Microtendipes","sp.",,"larva",2,,1,50,2,"N","N","condition OK","Y",,"Weiderholm, 1983; Weiderholm, 1986; Epler 2001; Ferrington et al. 2019; Andersen, Cranston and Epler 2013","N","Rhithron Associates, Inc.","R. Spring",,
"7e1d06ac-3317-46e6-a4e1-efe0e018f566","D06","MCDI","MCDI.AOS.reach","2019-10-04T14:02Z","2020-04-03","MCDI.20191004.SURBER.1","D00000057258",,"FALSP","Y","Fallceon sp.",,"genus","Arthropoda","Hexapoda","Insecta","Pterygota","Palaeoptera",,"Ephemeroptera","Pisciforma",,,"Baetidae",,,,"Fallceon","sp.",,"larva",2,,5,30,17,"N","N","condition OK","Y",,"Merritt et al. 2019","N","Rhithron Associates, Inc.","B. Moore",,
"ad8fa8c2-9aba-4723-b171-4b896a75e6cf","D06","MCDI","MCDI.AOS.reach","2019-10-04T14:02Z","2020-04-03","MCDI.20191004.CORE.5","D00000057261",,"CAESP5","Y","Caenis sp.",,"genus","Arthropoda","Hexapoda","Insecta","Pterygota","Palaeoptera",,"Ephemeroptera","Furcatergalia","Pannota","Caenoidea","Caenidae","Caeninae",,,"Caenis","sp.",,"larva",3,,1,100,1,"Y","N","condition OK","Y",,"Provonsha 1990","N","Rhithron Associates, Inc.","B. Moore",,
"9fd1b213-33fc-44bb-a20a-0a88c416ca1a","D06","MCDI","MCDI.AOS.reach","2019-10-04T14:02Z","2020-04-09","MCDI.20191004.SURBER.1","D00000057258",,"CORSP19","Y","Corynoneura sp.",,"genus","Arthropoda","Hexapoda","Insecta","Pterygota","Neoptera","Holometabola","Diptera","Nematocera","Culicomorpha",,"Chironomidae","Orthocladiinae",,,"Corynoneura","sp.",,"larva",2,,9,30,30,"N","N","condition OK","Y",,"Weiderholm, 1983; Weiderholm, 1986; Epler 2001; Ferrington et al. 2019; Andersen, Cranston and Epler 2013","N","Rhithron Associates, Inc.","R. Spring",,
"dccb8b6b-ff80-4f1f-a65e-aab3d8c493aa","D06","MCDI","MCDI.AOS.reach","2019-10-04T14:02Z","2020-04-09","MCDI.20191004.SURBER.1","D00000057258",,"CHISP6","Y","Chironomini sp.",,"tribe","Arthropoda","Hexapoda","Insecta","Pterygota","Neoptera","Holometabola","Diptera","Nematocera","Culicomorpha",,"Chironomidae","Chironominae","Chironomini",,,"sp.",,"larva",1,,1,30,3,"Y","N","condition OK","N",,"Weiderholm, 1983; Weiderholm, 1986; Epler 2001; Ferrington et al. 2019; Andersen, Cranston and Epler 2013","N","Rhithron Associates, Inc.","R. Spring",,
"52460df6-b1a1-4ae8-8b87-b1a32bf5a3fa","D06","MCDI","MCDI.AOS.reach","2019-10-04T14:02Z","2020-04-09","MCDI.20191004.SURBER.2","D00000057259",,"EUKCLA","Y","Eukiefferiella claripennis gr.",,"speciesGroup","Arthropoda","Hexapoda","Insecta","Pterygota","Neoptera","Holometabola","Diptera","Nematocera","Culicomorpha",,"Chironomidae","Orthocladiinae",,,"Eukiefferiella","claripennis gr.",,"larva",2,,2,33,6,"N","N","condition OK","Y",,"Weiderholm, 1983; Bode, 1983; Weiderholm, 1986; Epler 2001; Ferrington et al. 2019; Andersen, Cranston and Epler 2013","N","Rhithron Associates, Inc.","R. Spring",,
"bf93d90f-4e93-455a-b787-2f805f941c9d","D06","MCDI","MCDI.AOS.reach","2019-10-04T14:02Z","2020-04-09","MCDI.20191004.SURBER.3","D00000057260",,"EUKCLA","Y","Eukiefferiella claripennis gr.",,"speciesGroup","Arthropoda","Hexapoda","Insecta","Pterygota","Neoptera","Holometabola","Diptera","Nematocera","Culicomorpha",,"Chironomidae","Orthocladiinae",,,"Eukiefferiella","claripennis gr.",,"larva",2,,1,50,2,"N","N","condition OK","Y",,"Weiderholm, 1983; Bode, 1983; Weiderholm, 1986; Epler 2001; Ferrington et al. 2019; Andersen, Cranston and Epler 2013","N","Rhithron Associates, Inc.","R. Spring",,
"e9490d64-4e4b-4d35-b8d2-3d8f4b84b07a","D06","MCDI","MCDI.AOS.reach","2019-10-04T14:02Z","2020-04-09","MCDI.20191004.SURBER.3","D00000057260",,"CORSP19","Y","Corynoneura sp.",,"genus","Arthropoda","Hexapoda","Insecta","Pterygota","Neoptera","Holometabola","Diptera","Nematocera","Culicomorpha",,"Chironomidae","Orthocladiinae",,,"Corynoneura","sp.",,"larva",2,,9,50,18,"N","N","condition OK","Y",,"Weiderholm, 1983; Weiderholm, 1986; Epler 2001; Ferrington et al. 2019; Andersen, Cranston and Epler 2013","N","Rhithron Associates, Inc.","R. Spring",,
"2e8d03f2-9906-41fc-a241-5b8f1714d49f","D06","MCDI","MCDI.AOS.reach","2019-10-04T14:02Z","2020-04-02","MCDI.20191004.CORE.4","D00000057263",,"CAESP5","Y","Caenis sp.",,"genus","Arthropoda","Hexapoda","Insecta","Pterygota","Palaeoptera",,"Ephemeroptera","Furcatergalia","Pannota","Caenoidea","Caenidae","Caeninae",,,"Caenis","sp.",,"larva",2,,2,100,2,"Y","N","condition OK","Y",,"Provonsha 1990","Y","Rhithron Associates, Inc.","B. Moore",,
"2430b956-e604-4651-9291-1a468c292111","D06","MCDI","MCDI.AOS.reach","2019-10-04T14:02Z","2020-04-09","MCDI.20191004.SURBER.1","D00000057258",,"LABSP","Y","Labrundinia sp.",,"genus","Arthropoda","Hexapoda","Insecta","Pterygota","Neoptera","Holometabola","Diptera","Nematocera","Culicomorpha",,"Chironomidae","Tanypodinae","Pentaneurini",,"Labrundinia","sp.",,"larva",3,,1,30,3,"N","N","condition OK","Y",,"Weiderholm, 1983; Weiderholm, 1986; Epler 2001; Ferrington et al. 2019; Andersen, Cranston and Epler 2013","N","Rhithron Associates, Inc.","R. Spring",,
"1378ee8c-6204-4cd8-8160-fc6a928bbdc8","D06","MCDI","MCDI.AOS.reach","2019-10-04T14:02Z","2020-04-03","MCDI.20191004.SURBER.3","D00000057260",,"BAEINT","Y","Baetis intercalaris",,"species","Arthropoda","Hexapoda","Insecta","Pterygota","Palaeoptera",,"Ephemeroptera","Pisciforma",,,"Baetidae",,,,"Baetis","intercalaris",,"larva",3,,2,50,4,"N","N","condition OK","Y",,"Morihara and McCafferty 1979; Wiersema, 2004; Webb et al. 2018","N","Rhithron Associates, Inc.","B. Moore",,
"1393bb8b-c822-4e4d-92ff-314f8311ccf9","D06","MCDI","MCDI.AOS.reach","2019-10-04T14:02Z","2020-04-03","MCDI.20191004.SURBER.2","D00000057259",,"SIMSP1","Y","Simulium sp.",,"genus","Arthropoda","Hexapoda","Insecta","Pterygota","Neoptera","Holometabola","Diptera","Nematocera","Culicomorpha",,"Simuliidae","Simuliinae","Simuliini",,"Simulium","sp.",,"larva",1,,3,33,9,"N","N","condition OK","Y",,"Adler et al. 2004; Merritt et al. 2019","N","Rhithron Associates, Inc.","B. Moore",,
"20d2103a-1dfb-4cec-a3a3-269a572fb1be","D06","MCDI","MCDI.AOS.reach","2019-10-04T14:02Z","2020-04-09","MCDI.20191004.CORE.4","D00000057263",,"ENCSP1","Y","Enchytraeidae sp.",,"family","Annelida","Clitellata","Oligochaeta","Oligochaeta",,,"Enchytraeida",,,,"Enchytraeidae",,,,,"sp.",,"none",2,,1,100,1,"N","N","condition OK","Y",,"Kathman and Brinkhurst, 1999","Y","Rhithron Associates, Inc.","R. Spring",,
"163b4f81-6873-4c03-9851-7319d01a9f57","D06","MCDI","MCDI.AOS.reach","2019-10-04T14:02Z","2020-04-09","MCDI.20191004.CORE.4","D00000057263",,"STISP2","Y","Stictochironomus sp.",,"genus","Arthropoda","Hexapoda","Insecta","Pterygota","Neoptera","Holometabola","Diptera","Nematocera","Culicomorpha",,"Chironomidae","Chironominae","Chironomini",,"Stictochironomus","sp.",,"larva",2,,1,100,1,"N","N","condition OK","Y",,"Weiderholm, 1983; Weiderholm, 1986; Epler 2001; Ferrington et al. 2019; Andersen, Cranston and Epler 2013","Y","Rhithron Associates, Inc.","R. Spring",,
"4d846b0f-e4ec-471a-badf-41cd766821c5","D06","MCDI","MCDI.AOS.reach","2019-10-04T14:02Z","2020-04-09","MCDI.20191004.SURBER.3","D00000057260",,"PARSP26","Y","Parametriocnemus sp.",,"genus","Arthropoda","Hexapoda","Insecta","Pterygota","Neoptera","Holometabola","Diptera","Nematocera","Culicomorpha",,"Chironomidae","Orthocladiinae",,,"Parametriocnemus","sp.",,"larva",1,,1,50,2,"N","N","condition OK","Y",,"Weiderholm, 1983; Weiderholm, 1986; Epler 2001; Ferrington et al. 2019; Andersen, Cranston and Epler 2013","N","Rhithron Associates, Inc.","R. Spring",,
"e1857534-0cd5-49f4-b9aa-abc196278267","D06","MCDI","MCDI.AOS.reach","2019-10-04T14:02Z","2020-04-02","MCDI.20191004.CORE.4","D00000057263",,"PHYSP7","Y","Physa sp.",,"genus","Mollusca",,"Gastropoda",,,,"Basommatophora",,,,"Physidae",,,,"Physa","sp.",,"none",2,,2,100,2,"N","N","condition OK","Y",,"Thorp and Rogers 2016","Y","Rhithron Associates, Inc.","B. Moore",,
"64938b0c-6199-4700-8826-59342fc677f4","D06","MCDI","MCDI.AOS.reach","2019-10-04T14:02Z","2020-04-03","MCDI.20191004.SURBER.3","D00000057260",,"STEFEM","Y","Stenonema femoratum",,"species","Arthropoda","Hexapoda","Insecta","Pterygota","Palaeoptera",,"Ephemeroptera","Pisciforma",,"Heptagenioidea","Heptageniidae",,,,"Stenonema","femoratum",,"larva",6,,1,50,2,"N","N","condition OK","Y",,"Liechti 1978; Wang and McCafferty 2004; Webb and McCafferty 2008; Merritt et al. 2019","N","Rhithron Associates, Inc.","B. Moore",,
"f079b4c6-ae21-476b-9f79-b0d4f081ae06","D06","MCDI","MCDI.AOS.reach","2019-10-04T14:02Z","2020-04-02","MCDI.20191004.CORE.4","D00000057263",,"PISSP2","Y","Pisidiidae sp.",,"family","Mollusca",,"Bivalvia","Heterodonta",,,"Veneroida",,,"Corbiculoidea","Pisidiidae",,,,,"sp.",,"none",2,,1,100,1,"Y","N","condition OK","N",,"Mackie 2007; Thorp and Rogers 2016","Y","Rhithron Associates, Inc.","B. Moore",,
"4d917b46-0a77-4296-9642-2fbb9e98102b","D06","MCDI","MCDI.AOS.reach","2019-10-04T14:02Z","2020-04-03","MCDI.20191004.SURBER.3","D00000057260",,"ATRSP3","Y","Atractides sp.",,"genus","Arthropoda","Chelicerata","Arachnida","Acari",,"Acariformes","Trombidiformes","Prostigmata",,"Hygrobatoidea","Hygrobatidae",,,,"Atractides","sp.",,"adult",1,,6,50,12,"N","N","condition OK","Y",,"Thorp and Rogers 2016","N","Rhithron Associates, Inc.","B. Moore",,
"4c9ed6b5-ecf5-4ef6-92ba-9da14f25042f","D06","MCDI","MCDI.AOS.reach","2019-10-04T14:02Z","2020-04-03","MCDI.20191004.CORE.5","D00000057261",,"CAESP5","Y","Caenis sp.",,"genus","Arthropoda","Hexapoda","Insecta","Pterygota","Palaeoptera",,"Ephemeroptera","Furcatergalia","Pannota","Caenoidea","Caenidae","Caeninae",,,"Caenis","sp.",,"larva",1,,3,100,3,"Y","N","condition OK","Y",,"Provonsha 1990","N","Rhithron Associates, Inc.","B. Moore",,
"2fde8d04-94e3-4f0d-971b-6ad6ea307d62","D06","MCDI","MCDI.AOS.reach","2019-10-04T14:02Z","2020-04-03","MCDI.20191004.SURBER.3","D00000057260",,"STEFEM","Y","Stenonema femoratum",,"species","Arthropoda","Hexapoda","Insecta","Pterygota","Palaeoptera",,"Ephemeroptera","Pisciforma",,"Heptagenioidea","Heptageniidae",,,,"Stenonema","femoratum",,"larva",5,,2,50,4,"N","N","condition OK","Y",,"Liechti 1978; Wang and McCafferty 2004; Webb and McCafferty 2008; Merritt et al. 2019","N","Rhithron Associates, Inc.","B. Moore",,
